0.5	0	0
0.499998	0.00173205	0.001
0.499928	0.0103918	0.006
0.498867	0.0412197	0.0238162
0.496538	0.0720049	0.0416682
0.49293	0.1028	0.0596321
0.488016	0.133671	0.0777943
0.481753	0.164682	0.0962444
0.47408	0.195898	0.115077
0.464917	0.227379	0.134392
0.454165	0.259185	0.154298
0.441961	0.290743	0.17451
0.428446	0.321701	0.194856
0.413589	0.35216	0.215453
0.397358	0.38218	0.236399
0.379715	0.411796	0.257783
0.360624	0.441015	0.279682
0.340049	0.469827	0.302167
0.317964	0.498199	0.325299
0.29435	0.526076	0.34913
0.269206	0.553391	0.373699
0.242545	0.58006	0.399036
0.214399	0.605992	0.425162
0.184812	0.63109	0.452091
0.153841	0.655262	0.47983
0.12155	0.678422	0.508389
0.0880031	0.700492	0.537779
0.0532631	0.721405	0.568017
0.0173872	0.741102	0.599126
-0.0195741	0.759535	0.631138
-0.0575772	0.776657	0.664095
-0.0965851	0.792428	0.698042
-0.136566	0.806807	0.733035
-0.177493	0.819751	0.769136
-0.219342	0.831218	0.806413
-0.26209	0.841159	0.844939
-0.305713	0.849523	0.884793
-0.350189	0.856252	0.926062
-0.395493	0.861283	0.968836
-0.441595	0.864547	1.01321
-0.488464	0.865968	1.05929
-0.53606	0.865462	1.10719
-0.584341	0.86294	1.15702
-0.633254	0.858302	1.20891
-0.682738	0.851443	1.26299
-0.732723	0.842247	1.3194
-0.783125	0.83059	1.37831
-0.833847	0.816339	1.43986
-0.884776	0.79935	1.50426
-0.935779	0.779469	1.57167
-0.986703	0.756531	1.64232
-1.03737	0.73036	1.71644
-1.08757	0.700765	1.79426
-1.13706	0.667545	1.87607
-1.18556	0.630483	1.96215
-1.23273	0.589349	2.05286
-1.27709	0.545065	2.14613
-1.31839	0.497674	2.24207
-1.35638	0.447166	2.34085
-1.3908	0.393517	2.4427
-1.42134	0.336681	2.54792
-1.44764	0.276569	2.65687
-1.46927	0.21303	2.77006
-1.48573	0.145792	2.88827
-1.49631	0.0743531	3.0127
-1.5	-0.00229921	3.14557
-1.49499	-0.0866069	3.29177
-1.47942	-0.174792	3.44574
-1.45257	-0.263557	3.60299
-1.42262	-0.334042	3.73044
-1.38546	-0.402454	3.85726
-1.34392	-0.464593	3.97607
-1.29856	-0.521271	4.08844
-1.24965	-0.573161	4.19576
-1.19745	-0.620625	4.29888
-1.14217	-0.663866	4.39835
-1.08538	-0.702137	4.49242
-1.02795	-0.735495	4.58085
-0.970211	-0.764314	4.66414
-0.912439	-0.788936	4.74275
-0.854854	-0.809666	4.81709
-0.797638	-0.826776	4.88751
-0.740944	-0.840511	4.95432
-0.684898	-0.851093	5.0178
-0.629604	-0.858721	5.0782
-0.575145	-0.863577	5.13576
-0.521593	-0.865823	5.19068
-0.469003	-0.865609	5.24315
-0.417421	-0.863068	5.29335
-0.366884	-0.858318	5.34145
-0.31742	-0.851468	5.38759
-0.269052	-0.842613	5.43192
-0.2218	-0.831837	5.47457
-0.17568	-0.819215	5.51565
-0.130708	-0.804809	5.55529
-0.0868993	-0.788677	5.59359
-0.0442727	-0.770866	5.63064
-0.00285201	-0.751421	5.66653
0.0373315	-0.730381	5.70134
0.0762358	-0.707788	5.73515
0.113805	-0.68369	5.76799
0.149969	-0.658145	5.79991
0.184637	-0.631232	5.83094
0.217705	-0.603054	5.86106
0.24906	-0.573744	5.89028
0.278588	-0.543461	5.91857
0.306194	-0.512385	5.94591
0.331812	-0.480694	5.97228
0.355414	-0.448554	5.99771
0.377015	-0.416094	6.02223
0.396661	-0.383405	6.04592
0.414422	-0.350534	6.06885
0.430379	-0.317485	6.09113
0.44461	-0.284225	6.11289
0.457188	-0.250686	6.13425
0.468171	-0.216758	6.15535
0.477344	-0.183299	6.17574
0.484792	-0.150461	6.19543
0.490648	-0.118162	6.21454
0.495021	-0.0863139	6.23319
0.497994	-0.0548324	6.25149
0.499627	-0.0236363	6.26954
0.499964	0.00735144	6.28743
0.499026	0.0382041	6.30526
0.496822	0.0689919	6.3231
0.49334	0.0997829	6.34105
0.488556	0.130643	6.35919
0.482428	0.161638	6.37761
0.474896	0.192831	6.3964
0.465882	0.224284	6.41566
0.455291	0.256055	6.43551
0.443214	0.287681	6.45571
0.429829	0.318691	6.47604
0.415104	0.349196	6.49661
0.39901	0.379258	6.51751
0.381507	0.408912	6.53885
0.362559	0.43817	6.5607
0.342131	0.467024	6.58312
0.320195	0.49544	6.60619
0.296731	0.523369	6.62995
0.271736	0.550742	6.65444
0.245223	0.577479	6.6797
0.217221	0.603487	6.70575
0.187772	0.628671	6.7326
0.156935	0.652938	6.76026
0.12477	0.6762	6.78874
0.0913433	0.69838	6.81805
0.0567175	0.719409	6.8482
0.0209506	0.739228	6.87922
-0.0159064	0.757786	6.91115
-0.0538092	0.775039	6.94401
-0.0927202	0.790944	6.97786
-0.132607	0.805461	7.01274
-0.173443	0.818548	7.04873
-0.215202	0.830161	7.08589
-0.257863	0.840254	7.12429
-0.301401	0.848775	7.16401
-0.345795	0.855667	7.20514
-0.391019	0.860867	7.24776
-0.437044	0.864307	7.29198
-0.483839	0.865912	7.33789
-0.531366	0.865599	7.3856
-0.579582	0.863279	7.43523
-0.628436	0.858853	7.48691
-0.677867	0.852216	7.54077
-0.727807	0.843254	7.59695
-0.778172	0.831845	7.65561
-0.828867	0.817854	7.7169
-0.879781	0.80114	7.781
-0.930783	0.781549	7.84811
-0.981723	0.758918	7.91844
-1.03242	0.733072	7.9922
-1.08268	0.703821	8.06965
-1.13225	0.670965	8.15105
-1.18086	0.63429	8.23671
-1.22818	0.593566	8.32694
-1.27284	0.549585	8.41997
-1.31445	0.502502	8.51563
-1.35278	0.452303	8.61412
-1.38756	0.398967	8.71566
-1.4185	0.342449	8.82053
-1.44523	0.282667	8.92909
-1.46735	0.219476	9.04184
-1.48435	0.152622	9.1595
-1.49555	0.0816314	9.28325
-1.49998	0.0055669	9.41514
-1.49596	-0.0777818	9.55962
-1.48145	-0.166034	9.71355
-1.45581	-0.254611	9.87019
-1.42644	-0.326002	9.99894
-1.38975	-0.395295	10.127
-1.34864	-0.458106	10.2467
-1.30368	-0.51534	10.3597
-1.25514	-0.56773	10.4675
-1.20329	-0.615664	10.571
-1.14833	-0.659358	10.6709
-1.09164	-0.698189	10.7656
-1.03426	-0.732067	10.8546
-0.976545	-0.761366	10.9384
-0.918766	-0.786433	11.0175
-0.861151	-0.807575	11.0923
-0.803887	-0.82507	11.1632
-0.747129	-0.839163	11.2303
-0.691007	-0.850081	11.2942
-0.635625	-0.858024	11.3549
-0.581072	-0.863175	11.4128
-0.527417	-0.8657	11.468
-0.474719	-0.865749	11.5207
-0.423025	-0.863456	11.5711
-0.372371	-0.858943	11.6195
-0.322788	-0.852319	11.6658
-0.274299	-0.843679	11.7103
-0.226925	-0.83311	11.7532
-0.18068	-0.820686	11.7944
-0.135581	-0.806473	11.8342
-0.091644	-0.790528	11.8726
-0.0488868	-0.772899	11.9098
-0.00733251	-0.753631	11.9458
0.0329884	-0.732764	11.9808
0.0720354	-0.710339	12.0147
0.109755	-0.686403	12.0476
0.146076	-0.661014	12.0796
0.180913	-0.634246	12.1108
0.214162	-0.606201	12.141
0.24571	-0.577007	12.1703
0.275444	-0.546823	12.1987
0.303265	-0.515824	12.2261
0.329102	-0.484193	12.2526
0.352925	-0.452094	12.2782
0.374743	-0.419664	12.3028
0.394601	-0.386998	12.3265
0.412565	-0.354145	12.3496
0.428715	-0.321117	12.3719
0.443132	-0.287883	12.3937
0.455888	-0.254379	12.4151
0.467043	-0.2205	12.4362
0.476417	-0.186971	12.4567
0.484048	-0.154067	12.4765
0.490075	-0.121713	12.4956
0.494607	-0.089819	12.5143
0.497731	-0.058301	12.5327
0.499511	-0.0270772	12.5507
0.49999	0.00392996	12.5686
0.499193	0.034794	12.5865
0.497128	0.0655856	12.6043
0.493789	0.096373	12.6222
0.489151	0.127223	12.6404
0.483174	0.1582	12.6587
0.4758	0.189368	12.6775
0.466956	0.220789	12.6967
0.456544	0.252522	12.7165
0.444611	0.284224	12.7367
0.431371	0.315295	12.757
0.416796	0.345852	12.7775
0.400854	0.375961	12.7984
0.383509	0.405659	12.8197
0.364722	0.434961	12.8414
0.344459	0.46386	12.8638
0.32269	0.492327	12.8868
0.299395	0.520313	12.9105
0.274569	0.547751	12.9349
0.248223	0.574562	12.9601
0.220383	0.600655	12.986
0.191091	0.625935	13.0128
0.160404	0.650308	13.0404
0.128382	0.673685	13.0687
0.0950919	0.695988	13.098
0.0605956	0.717147	13.128
0.0249519	0.737102	13.1589
-0.0117871	0.755802	13.1908
-0.0495764	0.7732	13.2235
-0.0883778	0.789256	13.2573
-0.128159	0.803928	13.292
-0.168891	0.817175	13.3279
-0.210549	0.828953	13.3649
-0.253111	0.839217	13.4032
-0.296554	0.847913	13.4427
-0.340855	0.854988	13.4837
-0.385988	0.860378	13.5262
-0.431927	0.864016	13.5702
-0.478639	0.865828	13.6159
-0.526087	0.865731	13.6634
-0.574229	0.863636	13.7128
-0.623015	0.859448	13.7643
-0.672386	0.85306	13.8179
-0.722273	0.844361	13.8738
-0.772596	0.833228	13.9322
-0.82326	0.819529	13.9932
-0.874156	0.803122	14.057
-0.925155	0.783857	14.1237
-0.97611	0.76157	14.1937
-1.02685	0.736087	14.2671
-1.07716	0.707222	14.3441
-1.12682	0.674774	14.4251
-1.17555	0.638532	14.5102
-1.22303	0.598266	14.5999
-1.26802	0.554627	14.6927
-1.30998	0.507889	14.7881
-1.34869	0.458037	14.8862
-1.38388	0.405052	14.9874
-1.41526	0.34889	15.0919
-1.44248	0.289477	15.2
-1.46514	0.226675	15.3123
-1.48273	0.160246	15.4293
-1.49462	0.0897494	15.5523
-1.49986	0.014322	15.6832
-1.49691	-0.0680201	15.8259
-1.48357	-0.156364	15.9798
-1.45923	-0.244769	16.1358
-1.43051	-0.317201	16.2661
-1.39431	-0.387498	16.3956
-1.35366	-0.451056	16.5162
-1.30913	-0.508898	16.6299
-1.26101	-0.56183	16.7383
-1.20952	-0.610273	16.8423
-1.15492	-0.654456	16.9425
-1.09835	-0.693891	17.0379
-1.04103	-0.728333	17.1276
-0.983332	-0.758151	17.212
-0.925548	-0.783698	17.2917
-0.867903	-0.805286	17.3669
-0.810589	-0.823196	17.4382
-0.753765	-0.837677	17.5058
-0.697562	-0.848956	17.57
-0.642088	-0.857239	17.6311
-0.587434	-0.862709	17.6893
-0.53367	-0.865534	17.7448
-0.480858	-0.865867	17.7978
-0.429043	-0.863843	17.8485
-0.378266	-0.859585	17.8971
-0.328556	-0.853203	17.9437
-0.279937	-0.844795	17.9884
-0.23243	-0.834449	18.0314
-0.186052	-0.822239	18.0728
-0.140818	-0.808233	18.1128
-0.0967436	-0.792489	18.1514
-0.0538467	-0.775055	18.1887
-0.0121498	-0.755977	18.2248
0.0283179	-0.735296	18.2599
0.067517	-0.713052	18.2939
0.105395	-0.689291	18.327
0.141885	-0.664069	18.3591
0.176901	-0.637458	18.3903
0.210343	-0.609557	18.4207
0.242097	-0.580491	18.4501
0.272049	-0.550413	18.4786
0.300099	-0.519501	18.5062
0.326171	-0.487935	18.5327
0.350231	-0.455884	18.5584
0.372283	-0.423487	18.5831
0.392368	-0.390845	18.607
0.410551	-0.358013	18.6301
0.42691	-0.325006	18.6525
0.441526	-0.291799	18.6744
0.454474	-0.258331	18.6958
0.465815	-0.224503	18.7169
0.475403	-0.190897	18.7375
0.483233	-0.157923	18.7574
0.489443	-0.125508	18.7766
0.494147	-0.0935644	18.7953
0.497434	-0.0620063	18.8137
0.499369	-0.0307518	18.8318
0.5	0.000276963	18.8497
0.499353	0.0311542	18.8675
0.497438	0.0619508	18.8854
0.49425	0.0927352	18.9033
0.489767	0.123574	18.9214
0.483951	0.154533	18.9397
0.476746	0.185675	18.9584
0.46808	0.217063	18.9776
0.457859	0.248756	18.9973
0.446077	0.280541	19.0175
0.432992	0.311679	19.0378
0.418575	0.342293	19.0583
0.402796	0.372451	19.0791
0.385617	0.402196	19.1003
0.367002	0.431545	19.122
0.346913	0.460492	19.1443
0.325322	0.489012	19.1672
0.302207	0.517057	19.1908
0.27756	0.544564	19.2152
0.251391	0.571453	19.2403
0.223724	0.597635	19.2661
0.1946	0.623015	19.2928
0.164073	0.647499	19.3203
0.132205	0.670997	19.3486
0.0990601	0.69343	19.3777
0.064702	0.714726	19.4076
0.0291901	0.734825	19.4385
-0.0074229	0.753675	19.4702
-0.0450911	0.771228	19.5028
-0.0837756	0.787444	19.5364
-0.123443	0.80228	19.5711
-0.164065	0.815696	19.6068
-0.205616	0.827649	19.6437
-0.248073	0.838093	19.6818
-0.291414	0.846976	19.7212
-0.335615	0.854244	19.762
-0.380653	0.859835	19.8043
-0.426498	0.863683	19.8481
-0.473121	0.865712	19.8936
-0.520485	0.865844	19.9409
-0.568548	0.863988	19.9901
-0.617262	0.860051	20.0413
-0.666567	0.853927	20.0947
-0.716398	0.845505	20.1503
-0.766674	0.834664	20.2084
-0.817303	0.821273	20.2691
-0.868178	0.805192	20.3325
-0.919173	0.78627	20.3989
-0.970141	0.764346	20.4685
-1.02091	0.739248	20.5415
-1.07129	0.710789	20.6181
-1.12104	0.678772	20.6985
-1.16989	0.642986	20.7832
-1.21754	0.603204	20.8724
-1.26287	0.559927	20.9648
-1.3052	0.513556	21.0599
-1.3443	0.464072	21.1577
-1.37993	0.411456	21.2585
-1.41177	0.355672	21.3626
-1.4395	0.296647	21.4703
-1.46272	0.234255	21.582
-1.48094	0.16827	21.6985
-1.49354	0.0982865	21.8207
-1.49963	0.0235098	21.9504
-1.49777	-0.0578364	22.0914
-1.48563	-0.146297	22.2454
-1.46262	-0.23456	22.4008
-1.43456	-0.30813	22.5328
-1.39887	-0.379512	22.6639
-1.35868	-0.443852	22.7855
-1.31459	-0.502322	22.8999
-1.26688	-0.555808	23.0089
-1.21578	-0.604767	23.1134
-1.16153	-0.649445	23.214
-1.10508	-0.689496	23.3102
-1.04783	-0.724509	23.4005
-0.990162	-0.754855	23.4855
-0.932376	-0.78089	23.5657
-0.874704	-0.802931	23.6414
-0.817342	-0.821262	23.7132
-0.760452	-0.836136	23.7812
-0.70417	-0.847783	23.8458
-0.648605	-0.85641	23.9072
-0.59385	-0.862203	23.9657
-0.539978	-0.865333	24.0216
-0.48705	-0.865953	24.0749
-0.435115	-0.864201	24.1258
-0.384213	-0.860201	24.1746
-0.334376	-0.854065	24.2214
-0.285627	-0.845892	24.2664
-0.237988	-0.835771	24.3096
-0.191476	-0.823778	24.3512
-0.146106	-0.809981	24.3913
-0.101893	-0.794439	24.4301
-0.0588559	-0.777203	24.4675
-0.0170157	-0.758317	24.5038
0.0235991	-0.737823	24.539
0.0629506	-0.715762	24.5731
0.100988	-0.692178	24.6063
0.137646	-0.667125	24.6385
0.172842	-0.640674	24.6699
0.206475	-0.612919	24.7003
0.238435	-0.583983	24.7299
0.268606	-0.554016	24.7585
0.296885	-0.523193	24.7861
0.323194	-0.491695	24.8128
0.347492	-0.459693	24.8386
0.36978	-0.427331	24.8634
0.390094	-0.394714	24.8874
0.408498	-0.361903	24.9106
0.425068	-0.328917	24.9331
0.439886	-0.295737	24.955
0.453028	-0.262304	24.9765
0.464556	-0.228525	24.9976
0.474363	-0.194841	25.0183
0.482393	-0.161795	25.0382
0.488788	-0.129319	25.0575
0.493665	-0.0973238	25.0763
0.497116	-0.0657245	25.0947
0.499209	-0.0344382	25.1128
0.499992	-0.00338661	25.1308
0.499496	0.0275048	25.1486
0.497731	0.0583073	25.1665
0.494695	0.0890896	25.1844
0.490367	0.119919	25.2024
0.484711	0.15086	25.2207
0.477674	0.181977	25.2394
0.469185	0.213333	25.2585
0.459153	0.244987	25.2781
0.447523	0.276857	25.2983
0.434592	0.308063	25.3186
0.420333	0.338733	25.339
0.404715	0.368942	25.3598
0.387702	0.398734	25.381
0.369256	0.42813	25.4027
0.349342	0.457125	25.4249
0.327928	0.485697	25.4477
0.304992	0.5138	25.4712
0.280525	0.541374	25.4955
0.254533	0.56834	25.5205
0.227039	0.59461	25.5462
0.198083	0.620088	25.5728
0.167718	0.644682	25.6002
0.136003	0.6683	25.6284
0.103004	0.690861	25.6574
0.068785	0.712294	25.6873
0.0334053	0.732536	25.718
-0.00308129	0.751534	25.7496
-0.0406281	0.769242	25.7821
-0.0791954	0.785616	25.8156
-0.118749	0.800616	25.8502
-0.159261	0.814201	25.8858
-0.200705	0.826327	25.9225
-0.243057	0.83695	25.9605
-0.286295	0.846019	25.9997
-0.330397	0.853479	26.0404
-0.375338	0.85927	26.0824
-0.42109	0.863325	26.1261
-0.467624	0.865571	26.1714
-0.514903	0.865929	26.2185
-0.562887	0.864311	26.2675
-0.611527	0.860622	26.3184
-0.660767	0.85476	26.3715
-0.710539	0.846614	26.4269
-0.760768	0.836062	26.4847
-0.811361	0.822977	26.545
-0.862213	0.807218	26.6081
-0.913201	0.788637	26.6742
-0.964181	0.767073	26.7434
-1.01499	0.742356	26.8159
-1.06542	0.714301	26.8921
-1.11526	0.682711	26.9721
-1.16423	0.647378	27.0562
-1.21203	0.608076	27.1449
-1.25771	0.565158	27.237
-1.3004	0.519152	27.3318
-1.3399	0.470033	27.4293
-1.37594	0.417786	27.5297
-1.40825	0.362376	27.6334
-1.43648	0.303737	27.7406
-1.46025	0.241748	27.8519
-1.47908	0.176201	27.9677
-1.49238	0.106716	28.0892
-1.49929	0.0325648	28.2179
-1.49847	-0.0478527	28.3572
-1.48751	-0.13645	28.5113
-1.46578	-0.224607	28.6664
-1.43836	-0.299354	28.8001
-1.40313	-0.371843	28.9328
-1.36338	-0.436957	29.0555
-1.31972	-0.496032	29.1706
-1.2724	-0.550048	29.2801
-1.22167	-0.599499	29.385
-1.16776	-0.644649	29.4861
-1.11143	-0.685286	29.5829
-1.05424	-0.720843	29.6739
-0.996603	-0.751691	29.7594
-0.938817	-0.77819	29.8401
-0.881122	-0.800662	29.9164
-0.823717	-0.819393	29.9886
-0.766768	-0.834641	30.057
-0.710412	-0.846638	30.1219
-0.654762	-0.855591	30.1837
-0.599913	-0.861692	30.2425
-0.545939	-0.865111	30.2986
-0.492903	-0.866004	30.3522
-0.440856	-0.864509	30.4034
-0.389837	-0.860754	30.4525
-0.339879	-0.854852	30.4995
-0.291008	-0.846901	30.5446
-0.243244	-0.836993	30.588
-0.196606	-0.825205	30.6298
-0.151107	-0.811607	30.6701
-0.106765	-0.796257	30.709
-0.0635958	-0.779207	30.7466
-0.0216209	-0.760503	30.783
0.0191322	-0.740187	30.8183
0.0586268	-0.718298	30.8526
0.096814	-0.694881	30.8858
0.13363	-0.669989	30.9182
0.168993	-0.64369	30.9496
0.202806	-0.616075	30.9802
0.234958	-0.587263	31.0098
0.265334	-0.557403	31.0385
0.293828	-0.526667	31.0663
0.320359	-0.495235	31.0931
0.344883	-0.463282	31.119
0.367394	-0.430954	31.1439
0.387925	-0.398361	31.1679
0.406538	-0.36557	31.1912
0.423309	-0.332604	31.2138
0.438318	-0.299448	31.2358
0.451643	-0.266047	31.2573
0.463349	-0.232313	31.2785
0.473363	-0.198554	31.2992
0.481583	-0.16544	31.3192
0.488154	-0.132904	31.3386
0.493195	-0.10086	31.3574
0.4968	-0.0692212	31.3759
0.499042	-0.0379041	31.394
0.499969	-0.00683013	31.412
0.499613	0.0240755	31.4298
0.49799	0.0548845	31.4477
0.495096	0.0856657	31.4655
0.490913	0.116486	31.4836
0.485407	0.147412	31.5019
0.478526	0.178506	31.5205
0.470203	0.209832	31.5395
0.460348	0.241451	31.5591
0.44886	0.273403	31.5793
0.436073	0.304673	31.5995
0.42196	0.335398	31.62
0.406493	0.365655	31.6407
0.389634	0.395491	31.6618
0.371348	0.424929	31.6834
0.351596	0.453969	31.7056
0.330347	0.482589	31.7284
0.307579	0.510747	31.7518
0.283279	0.538382	31.776
0.257453	0.565419	31.8009
0.230122	0.591769	31.8266
0.201325	0.617339	31.853
0.17111	0.642034	31.8803
0.13954	0.665763	31.9084
0.106679	0.688444	31.9374
0.0725904	0.710004	31.9671
0.0373351	0.730379	31.9978
0.000967317	0.749516	32.0293
-0.0364655	0.767367	32.0617
-0.0749227	0.783889	32.0951
-0.11437	0.799041	32.1295
-0.154778	0.812783	32.165
-0.196121	0.825071	32.2016
-0.238375	0.835861	32.2394
-0.281517	0.845103	32.2785
-0.325526	0.852742	32.319
-0.370376	0.858719	32.361
-0.416041	0.862967	32.4044
-0.46249	0.865416	32.4496
-0.50969	0.865985	32.4964
-0.557599	0.864587	32.5452
-0.60617	0.861131	32.5959
-0.655347	0.855512	32.6488
-0.705064	0.847621	32.7039
-0.755247	0.837339	32.7614
-0.805805	0.824537	32.8215
-0.856635	0.809079	32.8843
-0.907615	0.790814	32.95
-0.958603	0.769586	33.0188
-1.00944	0.745222	33.091
-1.05992	0.717542	33.1667
-1.10984	0.68635	33.2463
-1.15892	0.651437	33.33
-1.20687	0.612581	33.4181
-1.25286	0.569999	33.51
-1.29588	0.524333	33.6045
-1.33574	0.475555	33.7016
-1.37218	0.423651	33.8018
-1.40491	0.36859	33.9051
-1.4336	0.310308	34.0119
-1.45788	0.248693	34.1227
-1.47728	0.18355	34.238
-1.49122	0.114523	34.3588
-1.49888	0.0409355	34.4866
-1.499	-0.0386646	34.6245
-1.48912	-0.127407	34.7787
-1.46855	-0.215496	34.9334
-1.44169	-0.291392	35.0689
-1.40687	-0.364945	35.2032
-1.36751	-0.430776	35.3268
-1.32423	-0.490398	35.4426
-1.27726	-0.544889	35.5526
-1.22685	-0.59478	35.658
-1.17325	-0.640349	35.7594
-1.11703	-0.681509	35.8568
-1.0599	-0.717553	35.9483
-1.0023	-0.748848	36.0344
-0.944515	-0.775761	36.1156
-0.886801	-0.798617	36.1922
-0.82936	-0.817705	36.2648
-0.772359	-0.833286	36.3336
-0.715939	-0.845593	36.3989
-0.660216	-0.854838	36.4609
-0.605283	-0.861212	36.5201
-0.55122	-0.864889	36.5764
-0.498089	-0.866024	36.6302
-0.445943	-0.864759	36.6817
-0.394821	-0.861222	36.7309
-0.344757	-0.855526	36.7781
-0.295778	-0.847774	36.8234
-0.247905	-0.838055	36.867
-0.201154	-0.826449	36.9089
-0.155543	-0.813026	36.9494
-0.111086	-0.797847	36.9884
-0.0677999	-0.780963	37.0261
-0.0257061	-0.76242	37.0627
0.0151689	-0.742261	37.0981
0.0547896	-0.720525	37.1324
0.0931082	-0.697257	37.1658
0.130063	-0.672507	37.1982
0.165573	-0.646343	37.2297
0.199544	-0.618853	37.2604
0.231864	-0.590153	37.2901
0.26242	-0.56039	37.3189
0.291104	-0.529731	37.3468
0.317832	-0.49836	37.3737
0.342554	-0.466451	37.3996
0.365263	-0.434155	37.4246
0.385987	-0.401585	37.4488
0.404786	-0.368811	37.4721
0.421735	-0.335863	37.4948
0.436914	-0.302727	37.5168
0.450402	-0.269354	37.5384
0.462265	-0.235657	37.5596
0.472463	-0.201833	37.5804
0.480853	-0.168657	37.6005
0.48758	-0.136069	37.6199
0.492766	-0.103981	37.6388
0.496508	-0.0723055	37.6573
0.498881	-0.0409604	37.6754
0.499935	-0.00986596	37.6934
0.499704	0.021053	37.7113
0.498205	0.0518683	37.7291
0.495436	0.0826493	37.747
0.49138	0.113463	37.765
0.486006	0.144375	37.7832
0.479263	0.17545	37.8018
0.471085	0.206751	37.8208
0.461384	0.238338	37.8403
0.450056	0.270268	37.8605
0.437399	0.3016	37.8807
0.423419	0.332375	37.9011
0.408087	0.362675	37.9218
0.391368	0.392552	37.9429
0.373225	0.422029	37.9645
0.35362	0.451109	37.9866
0.332521	0.479772	38.0093
0.309903	0.507978	38.0326
0.285756	0.535669	38.0567
0.26008	0.562768	38.0816
0.232897	0.589191	38.1072
0.204243	0.614843	38.1336
0.174167	0.639628	38.1608
0.142728	0.663457	38.1888
0.109992	0.686245	38.2177
0.0760219	0.707919	38.2473
0.0408797	0.728414	38.2779
0.00461995	0.747676	38.3093
-0.0327092	0.765656	38.3416
-0.0710666	0.782312	38.3749
-0.110417	0.797602	38.4092
-0.150731	0.811485	38.4446
-0.191982	0.82392	38.4811
-0.234147	0.83486	38.5188
-0.277202	0.844257	38.5578
-0.321126	0.852058	38.5981
-0.365894	0.858202	38.6399
-0.411479	0.862626	38.6832
-0.457853	0.865256	38.7282
-0.50498	0.866015	38.7749
-0.55282	0.864816	38.8234
-0.601328	0.861568	38.874
-0.650447	0.856168	38.9266
-0.700115	0.848508	38.9815
-0.750255	0.838468	39.0388
-0.800781	0.825923	39.0986
-0.851588	0.810734	39.1611
-0.902559	0.792754	39.2265
-0.953554	0.771827	39.295
-1.00441	0.747782	39.3669
-1.05494	0.720439	39.4423
-1.10492	0.689604	39.5214
-1.1541	0.655069	39.6047
-1.20217	0.616615	39.6924
-1.24845	0.574336	39.784
-1.29178	0.528977	39.8782
-1.33196	0.480506	39.9751
-1.36874	0.428912	40.0749
-1.40185	0.374164	40.1779
-1.43096	0.316204	40.2844
-1.45569	0.254925	40.3947
-1.4756	0.190142	40.5096
-1.49011	0.121521	40.6298
-1.49844	0.0484294	40.7568
-1.49938	-0.0304689	40.8935
-1.49055	-0.11876	41.0468
-1.47106	-0.206824	41.2013
-1.44477	-0.283819	41.3385
-1.41033	-0.358435	41.4744
-1.37133	-0.424961	41.5989
-1.32839	-0.485104	41.7153
-1.28175	-0.540043	41.8258
-1.23166	-0.590345	41.9316
-1.17835	-0.636307	42.0334
-1.12223	-0.677956	42.1313
-1.06516	-0.714455	42.2234
-1.00758	-0.746169	42.3099
-0.949808	-0.77347	42.3915
-0.892079	-0.796684	42.4686
-0.834605	-0.816107	42.5415
-0.777558	-0.831999	42.6106
-0.721079	-0.844597	42.6762
-0.665288	-0.854114	42.7386
-0.610279	-0.860743	42.7979
-0.556134	-0.86466	42.8545
-0.502915	-0.866022	42.9086
-0.450677	-0.864971	42.9602
-0.39946	-0.861637	43.0097
-0.349298	-0.856135	43.0571
-0.300218	-0.848567	43.1026
-0.252243	-0.839025	43.1463
-0.205389	-0.827589	43.1884
-0.159672	-0.81433	43.2289
-0.115109	-0.799309	43.2681
-0.0717151	-0.782579	43.3059
-0.0295112	-0.764186	43.3425
0.0114768	-0.744173	43.3781
0.0512142	-0.72258	43.4125
0.0896544	-0.69945	43.446
0.126737	-0.674834	43.4785
0.162383	-0.648796	43.5101
0.196499	-0.621423	43.5408
0.228976	-0.592829	43.5706
0.259698	-0.563156	43.5995
0.288558	-0.532572	43.6274
0.315467	-0.501258	43.6544
0.340374	-0.469392	43.6805
0.363266	-0.437126	43.7056
0.38417	-0.404577	43.7298
0.403142	-0.371821	43.7532
0.420257	-0.338888	43.7759
0.435596	-0.30577	43.798
0.449236	-0.272422	43.8196
0.461245	-0.23876	43.8408
0.471615	-0.204874	43.8617
0.480163	-0.171641	43.8819
0.487035	-0.139003	43.9013
0.492356	-0.106873	43.9203
0.496226	-0.0751637	43.9388
0.498721	-0.043792	43.957
0.499893	-0.012678	43.975
0.499778	0.0182538	43.9928
0.498393	0.0490757	44.0107
0.495739	0.079857	44.0285
0.491802	0.110665	44.0465
0.486549	0.141566	44.0648
0.479933	0.172623	44.0833
0.471888	0.203901	44.1023
0.46233	0.23546	44.1217
0.451154	0.267356	44.1418
0.438616	0.298746	44.162
0.424759	0.329568	44.1824
0.409553	0.35991	44.2031
0.392963	0.389824	44.2241
0.374952	0.419338	44.2457
0.355483	0.448455	44.2677
0.334522	0.477158	44.2903
0.312045	0.505408	44.3136
0.288038	0.533149	44.3377
0.262502	0.560306	44.3624
0.235456	0.586795	44.388
0.206935	0.612521	44.4143
0.176987	0.63739	44.4414
0.145671	0.66131	44.4694
0.113051	0.684197	44.4982
0.0791921	0.705976	44.5278
0.0441552	0.726582	44.5582
0.00799599	0.745959	44.5896
-0.0292367	0.764059	44.6218
-0.0675012	0.780838	44.655
-0.106762	0.796255	44.6892
-0.146989	0.81027	44.7245
-0.188155	0.822839	44.7609
-0.230236	0.833919	44.7985
-0.273211	0.84346	44.8373
-0.317056	0.85141	44.8776
-0.361747	0.857709	44.9192
-0.407258	0.862293	44.9624
-0.453561	0.865091	45.0072
-0.50062	0.866025	45.0537
-0.548397	0.86501	45.1021
-0.596845	0.861954	45.1524
-0.645911	0.856757	45.2049
-0.695532	0.849309	45.2595
-0.745632	0.839493	45.3166
-0.796126	0.827183	45.3762
-0.846912	0.812243	45.4384
-0.897874	0.794526	45.5036
-0.948872	0.773877	45.5718
-0.999749	0.750125	45.6433
-1.05032	0.723093	45.7184
-1.10036	0.692587	45.7972
-1.14962	0.658401	45.8801
-1.19781	0.620317	45.9673
-1.24435	0.578319	46.0588
-1.28795	0.533243	46.1527
-1.32843	0.485056	46.2493
-1.36553	0.433748	46.3489
-1.39899	0.37929	46.4516
-1.42848	0.321626	46.5577
-1.45363	0.260656	46.6677
-1.474	0.196204	46.7821
-1.48903	0.127952	46.9017
-1.49796	0.0553084	47.028
-1.49965	-0.022968	47.1637
-1.49189	-0.110099	47.3149
-1.47347	-0.198178	47.4692
-1.44776	-0.276244	47.608
-1.41368	-0.351973	47.7456
-1.37503	-0.419212	47.8712
-1.33244	-0.479875	47.9882
-1.28613	-0.535257	48.0992
-1.23634	-0.585965	48.2054
-1.18331	-0.632312	48.3075
-1.1273	-0.674444	48.406
-1.07029	-0.711391	48.4985
-1.01275	-0.743517	48.5856
-0.954977	-0.771198	48.6676
-0.897235	-0.794766	48.745
-0.839731	-0.814517	48.8183
-0.782639	-0.830715	48.8878
-0.726105	-0.843598	48.9537
-0.670248	-0.853383	49.0163
-0.615166	-0.860263	49.0759
-0.56094	-0.864416	49.1328
-0.507637	-0.866	49.187
-0.455309	-0.86516	49.2389
-0.403999	-0.862026	49.2885
-0.353741	-0.856713	49.3361
-0.304564	-0.849326	49.3817
-0.256489	-0.839957	49.4256
-0.209534	-0.828687	49.4678
-0.163715	-0.815588	49.5085
-0.119048	-0.800723	49.5478
-0.0755487	-0.784143	49.5858
-0.0332374	-0.765898	49.6225
0.00786066	-0.746028	49.6581
0.0477116	-0.724575	49.6926
0.0862701	-0.701581	49.7262
0.123477	-0.677095	49.7588
0.159255	-0.651181	49.7905
0.193512	-0.623923	49.8213
0.22614	-0.595433	49.8512
0.257024	-0.56585	49.8801
0.286054	-0.53534	49.9082
0.313141	-0.504085	49.9352
0.338228	-0.472261	49.9614
0.3613	-0.440025	49.9866
0.38238	-0.407498	50.0109
0.401522	-0.374758	50.0343
0.4188	-0.341841	50.0571
0.434294	-0.308741	50.0792
0.448083	-0.275416	50.1008
0.460236	-0.241787	50.1221
0.470775	-0.20784	50.1431
0.479477	-0.174551	50.1633
0.486492	-0.141864	50.1828
0.491946	-0.109692	50.2018
0.495941	-0.0779494	50.2204
0.498554	-0.0465511	50.2386
0.499841	-0.0154174	50.2566
0.499839	0.0155275	50.2744
0.498566	0.0463563	50.2923
0.496025	0.0771384	50.3101
0.492202	0.107941	50.3281
0.487067	0.138831	50.3463
0.480573	0.169872	50.3648
0.472658	0.201128	50.3837
0.463237	0.23266	50.4031
0.452209	0.264524	50.4232
0.439788	0.295972	50.4434
0.426049	0.32684	50.4638
0.410964	0.357223	50.4844
0.394499	0.387173	50.5054
0.376617	0.416722	50.5269
0.357279	0.445875	50.5489
0.336452	0.474616	50.5715
0.314111	0.502909	50.5947
0.290241	0.530697	50.6187
0.264841	0.55791	50.6434
0.237929	0.584462	50.6688
0.209537	0.61026	50.6951
0.179714	0.63521	50.7222
0.148517	0.659218	50.75
0.116011	0.6822	50.7787
0.0822601	0.704081	50.8083
0.0473258	0.724793	50.8387
0.0112646	0.744282	50.8699
-0.0258742	0.762498	50.9021
-0.0640482	0.779397	50.9352
-0.103221	0.794937	50.9693
-0.143363	0.809078	51.0045
-0.184446	0.821778	51.0408
-0.226447	0.832992	51.0783
-0.269343	0.842673	51.117
-0.313111	0.850767	51.1571
-0.357728	0.857216	51.1986
-0.403168	0.861955	51.2416
-0.449401	0.864916	51.2863
-0.496394	0.86602	51.3327
-0.544109	0.865182	51.3809
-0.592499	0.862312	51.4311
-0.641513	0.85731	51.4833
-0.691086	0.850067	51.5378
-0.741147	0.840468	51.5946
-0.79161	0.828385	51.6539
-0.842375	0.813686	51.7159
-0.893326	0.796223	51.7808
-0.944327	0.775841	51.8488
-0.995222	0.752374	51.92
-1.04583	0.725642	51.9947
-1.09592	0.695454	52.0732
-1.14527	0.661605	52.1557
-1.19357	0.623877	52.2425
-1.24036	0.582151	52.3338
-1.28422	0.53735	52.4275
-1.32499	0.489438	52.5239
-1.3624	0.438406	52.6232
-1.39619	0.384228	52.7256
-1.42604	0.326851	52.8314
-1.45159	0.266179	52.941
-1.4724	0.202044	53.055
-1.48793	0.134146	53.1741
-1.49744	0.0619266	53.2998
-1.49983	-0.0157701	53.4344
-1.49306	-0.101862	53.5838
-1.47565	-0.189966	53.7379
-1.4505	-0.269106	53.8784
-1.41675	-0.345953	54.0178
-1.37841	-0.413879	54.1443
-1.33614	-0.475032	54.2619
-1.29013	-0.530825	54.3733
-1.24062	-0.581908	54.4798
-1.18785	-0.628611	54.5823
-1.13204	-0.671115	54.6812
-1.0751	-0.708481	54.7742
-1.01759	-0.740997	54.8617
-0.959828	-0.769038	54.9441
-0.902075	-0.792939	55.0219
-0.844543	-0.812999	55.0955
-0.787411	-0.829486	55.1653
-0.730825	-0.842639	55.2314
-0.674907	-0.852676	55.2944
-0.619757	-0.859793	55.3542
-0.565457	-0.864168	55.4113
-0.512074	-0.865962	55.4658
-0.459662	-0.865321	55.5178
-0.408265	-0.862374	55.5676
-0.357918	-0.85724	55.6154
-0.308649	-0.850023	55.6612
-0.260481	-0.840817	55.7052
-0.213431	-0.829704	55.7475
-0.167517	-0.816757	55.7884
-0.122752	-0.802037	55.8277
-0.0791542	-0.7856	55.8658
-0.0367423	-0.767492	55.9027
0.00445876	-0.747757	55.9383
0.0444159	-0.726436	55.973
0.083085	-0.703569	56.0066
0.120408	-0.679206	56.0393
0.15631	-0.653409	56.071
0.190698	-0.62626	56.1019
0.223467	-0.597868	56.1319
0.254502	-0.568371	56.1609
0.283692	-0.537932	56.189
0.310944	-0.506732	56.2162
0.3362	-0.47495	56.2424
0.359441	-0.442743	56.2677
0.380686	-0.410237	56.292
0.399988	-0.377513	56.3156
0.417419	-0.34461	56.3384
0.43306	-0.311527	56.3606
0.446989	-0.278224	56.3822
0.459277	-0.244624	56.4035
0.469975	-0.21062	56.4246
0.478824	-0.177277	56.4449
0.485973	-0.144544	56.4644
0.491552	-0.112333	56.4834
0.495664	-0.0805578	56.502
0.498389	-0.0491341	56.5203
0.499784	-0.0179815	56.5383
0.499888	0.0129762	56.5562
0.498719	0.0438119	56.574
0.496283	0.0745953	56.5918
0.492567	0.105394	56.6098
0.487542	0.136274	56.628
0.481163	0.167301	56.6465
0.473368	0.198536	56.6653
0.464075	0.230043	56.6847
0.453184	0.261878	56.7047
0.440871	0.29338	56.7249
0.427243	0.324292	56.7453
0.412271	0.354712	56.7659
0.395922	0.384698	56.7869
0.378159	0.414279	56.8083
0.358944	0.443466	56.8302
0.338242	0.472242	56.8528
0.316028	0.500574	56.876
0.292284	0.528407	56.8998
0.267012	0.555671	56.9245
0.240224	0.582281	56.9499
0.211954	0.608145	56.9761
0.182248	0.633169	57.0031
0.151163	0.657259	57.0309
0.118763	0.68033	57.0595
0.0851133	0.702304	57.089
0.0502753	0.723117	57.1193
0.0143058	0.742709	57.1505
-0.0227451	0.761033	57.1826
-0.0608344	0.778042	57.2156
-0.0999257	0.793697	57.2496
-0.139988	0.807956	57.2847
-0.180994	0.820778	57.3209
-0.222919	0.832117	57.3583
-0.265742	0.841927	57.3969
-0.309438	0.850155	57.4369
-0.353985	0.856743	57.4783
-0.399357	0.861628	57.5212
-0.445526	0.864739	57.5657
-0.492457	0.866001	57.6119
-0.540113	0.865328	57.66
-0.58845	0.862631	57.71
-0.637413	0.85781	57.7621
-0.686943	0.850758	57.8163
-0.736967	0.841359	57.8729
-0.787399	0.829488	57.9321
-0.838144	0.815012	57.9939
-0.889084	0.797784	58.0585
-0.940087	0.777652	58.1262
-0.990997	0.754448	58.1971
-1.04163	0.727994	58.2715
-1.09178	0.698101	58.3497
-1.1412	0.664565	58.4318
-1.1896	0.627169	58.5183
-1.23662	0.585696	58.6094
-1.28073	0.54115	58.7029
-1.32176	0.493494	58.799
-1.35946	0.44272	58.8981
-1.39356	0.388802	59.0002
-1.42375	0.33169	59.1057
-1.44967	0.271294	59.215
-1.47089	0.207453	59.3286
-1.48687	0.139881	59.4473
-1.49691	0.0680483	59.5723
-1.49994	-0.00912709	59.7061
-1.49405	-0.0943147	59.8538
-1.47756	-0.182453	60.0079
-1.44962	-0.271412	60.1657
-1.41915	-0.341128	60.2921
-1.38158	-0.408787	60.4179
-1.33967	-0.470342	60.5359
-1.29395	-0.526529	60.6478
-1.24471	-0.577975	60.7546
-1.19219	-0.625021	60.8574
-1.13662	-0.667857	60.9565
-1.07975	-0.705631	61.05
-1.02228	-0.738527	61.1379
-0.964524	-0.766918	61.2207
-0.906762	-0.791144	61.2989
-0.849205	-0.811506	61.3729
-0.792035	-0.828274	61.4429
-0.7354	-0.841689	61.5094
-0.679423	-0.851972	61.5725
-0.624207	-0.859319	61.6327
-0.569835	-0.863911	61.6899
-0.516376	-0.86591	61.7446
-0.463883	-0.865461	61.7969
-0.412402	-0.862697	61.8468
-0.361969	-0.857736	61.8947
-0.312612	-0.850685	61.9407
-0.264353	-0.841637	61.9849
-0.217212	-0.830677	62.0273
-0.171205	-0.817876	62.0683
-0.126346	-0.803298	62.1078
-0.0826527	-0.786998	62.146
-0.0401436	-0.769025	62.1829
0.00115696	-0.749421	62.2187
0.0412166	-0.728226	62.2534
0.0799923	-0.705483	62.2871
0.117427	-0.68124	62.3198
0.153448	-0.655557	62.3517
0.187963	-0.628514	62.3826
0.220868	-0.600218	62.4126
0.252048	-0.570805	62.4418
0.281391	-0.540436	62.47
0.308804	-0.509291	62.4972
0.334223	-0.47755	62.5235
0.357627	-0.445372	62.5488
0.379033	-0.412887	62.5733
0.398491	-0.380179	62.5969
0.416071	-0.34729	62.6197
0.431854	-0.314223	62.642
0.44592	-0.28094	62.6637
0.458338	-0.247367	62.685
0.469167	-0.213393	62.7061
0.478162	-0.179998	62.7264
0.485445	-0.147218	62.746
0.491149	-0.114967	62.7651
0.495379	-0.0831597	62.7837
0.498216	-0.0517102	62.802
0.499719	-0.0205382	62.82
0.499927	0.0104328	62.8379
0.498864	0.0412758	62.8557
0.496532	0.072061	62.8736
0.492922	0.102856	62.8915
0.488006	0.133727	62.9097
0.481741	0.164739	62.9281
0.474065	0.195955	62.947
0.464899	0.227437	62.9663
0.454144	0.259243	62.9862
0.441938	0.2908	63.0064
0.42842	0.321757	63.0267
0.41356	0.352215	63.0473
0.397327	0.382235	63.0683
0.379682	0.411849	63.0897
0.360588	0.441068	63.1116
0.34001	0.469879	63.1341
0.317922	0.49825	63.1572
0.294305	0.526127	63.181
0.269158	0.55344	63.2056
0.242495	0.580108	63.2309
0.214346	0.606038	63.2571
0.184756	0.631135	63.284
0.153783	0.655305	63.3117
0.12149	0.678463	63.3403
0.0879407	0.700531	63.3697
0.0531986	0.721442	63.3999
0.0173207	0.741137	63.431
-0.0196425	0.759567	63.4631
-0.0576475	0.776687	63.496
-0.0966572	0.792455	63.53
-0.13664	0.806831	63.565
-0.177569	0.819773	63.6011
-0.219419	0.831237	63.6383
-0.262168	0.841176	63.6769
-0.305793	0.849537	63.7167
-0.350271	0.856263	63.758
-0.395576	0.86129	63.8008
-0.44168	0.864551	63.8451
-0.48855	0.865968	63.8912
-0.536148	0.865459	63.9391
-0.58443	0.862933	63.989
-0.633344	0.858291	64.0409
-0.682829	0.851428	64.0949
-0.732815	0.842228	64.1514
-0.783217	0.830566	64.2103
-0.83394	0.81631	64.2718
-0.884869	0.799316	64.3362
-0.935872	0.77943	64.4037
-0.986796	0.756486	64.4743
-1.03746	0.730309	64.5484
-1.08766	0.700707	64.6263
-1.13715	0.66748	64.7081
-1.18564	0.630412	64.7942
-1.23281	0.58927	64.8849
-1.27717	0.544981	64.9782
-1.31846	0.497584	65.0741
-1.35645	0.44707	65.1729
-1.39086	0.393416	65.2747
-1.42139	0.336573	65.38
-1.44768	0.276455	65.4889
-1.46931	0.21291	65.6021
-1.48575	0.145664	65.7203
-1.49632	0.0742171	65.8448
-1.5	-0.00244632	65.9777
-1.49497	-0.0867724	66.1239
-1.47938	-0.174956	66.2779
-1.4525	-0.263726	66.4351
-1.42254	-0.334194	66.5626
-1.38538	-0.402589	66.6894
-1.34383	-0.464716	66.8082
-1.29846	-0.521384	66.9205
-1.24955	-0.573264	67.0278
-1.19734	-0.620719	67.1309
-1.14205	-0.663951	67.2304
-1.08526	-0.702212	67.3245
-1.02783	-0.73556	67.4129
-0.97009	-0.76437	67.4962
-0.912319	-0.788984	67.5748
-0.854734	-0.809706	67.6491
-0.79752	-0.826808	67.7195
-0.740827	-0.840537	67.7863
-0.684783	-0.851112	67.8498
-0.629489	-0.858734	67.9102
-0.575033	-0.863584	67.9677
-0.521483	-0.865826	68.0226
-0.468895	-0.865607	68.0751
-0.417315	-0.86306	68.1253
-0.36678	-0.858306	68.1734
-0.317318	-0.851452	68.2195
-0.268952	-0.842593	68.2639
-0.221703	-0.831813	68.3065
-0.175586	-0.819187	68.3476
-0.130616	-0.804777	68.3872
-0.0868093	-0.788641	68.4255
-0.0441852	-0.770827	68.4626
-0.00276702	-0.751379	68.4985
0.0374138	-0.730336	68.5333
0.0763154	-0.70774	68.5671
0.113882	-0.683639	68.5999
0.150043	-0.658091	68.6318
0.184707	-0.631175	68.6629
0.217772	-0.602994	68.693
0.249123	-0.573682	68.7222
0.278648	-0.543397	68.7505
0.30625	-0.512319	68.7778
0.331863	-0.480628	68.8042
0.355461	-0.448486	68.8296
0.377057	-0.416026	68.8541
0.3967	-0.383337	68.8778
0.414457	-0.350465	68.9007
0.43041	-0.317416	68.923
0.444638	-0.284156	68.9448
0.457212	-0.250616	68.9661
0.468192	-0.216687	68.9872
0.477362	-0.18323	69.0076
0.484806	-0.150393	69.0273
0.490659	-0.118094	69.0464
0.495029	-0.0862473	69.0651
0.497998	-0.0547664	69.0834
0.499629	-0.0235708	69.1014
0.499963	0.00741655	69.1193
0.499023	0.038269	69.1371
0.496816	0.0690567	69.155
0.493331	0.0998478	69.1729
0.488544	0.130709	69.1911
0.482413	0.161704	69.2095
0.474878	0.192897	69.2283
0.465862	0.224351	69.2476
0.455267	0.256123	69.2674
0.443187	0.287746	69.2876
0.429799	0.318756	69.3079
0.415072	0.34926	69.3285
0.398974	0.37932	69.3494
0.381469	0.408974	69.3708
0.362518	0.438231	69.3926
0.342087	0.467084	69.415
0.320147	0.495499	69.4381
0.29668	0.523427	69.4619
0.271682	0.550799	69.4863
0.245166	0.577534	69.5116
0.21716	0.60354	69.5377
0.187709	0.628723	69.5645
0.156868	0.652988	69.5922
0.124701	0.676248	69.6207
0.0912716	0.698425	69.65
0.0566434	0.719452	69.6801
0.0208741	0.739268	69.7111
-0.0159851	0.757824	69.7431
-0.0538901	0.775074	69.7759
-0.0928031	0.790976	69.8098
-0.132692	0.80549	69.8447
-0.17353	0.818573	69.8807
-0.215291	0.830184	69.9178
-0.257953	0.840274	69.9562
-0.301494	0.848791	69.996
-0.345889	0.855679	70.0371
-0.391115	0.860876	70.0797
-0.437142	0.864313	70.1239
-0.483938	0.865913	70.1698
-0.531467	0.865596	70.2176
-0.579684	0.863271	70.2672
-0.628539	0.858841	70.3189
-0.677972	0.8522	70.3727
-0.727912	0.843233	70.4289
-0.778278	0.831818	70.4876
-0.828974	0.817821	70.5489
-0.879888	0.801101	70.613
-0.930891	0.781505	70.6801
-0.98183	0.758867	70.7504
-1.03253	0.733014	70.8242
-1.08278	0.703755	70.9017
-1.13235	0.670892	70.9831
-1.18096	0.634208	71.0687
-1.22827	0.593475	71.159
-1.27293	0.549489	71.252
-1.31453	0.502399	71.3477
-1.35285	0.452193	71.4462
-1.38763	0.39885	71.5477
-1.41856	0.342325	71.6526
-1.44529	0.282536	71.7612
-1.4674	0.219339	71.8739
-1.48438	0.152476	71.9916
-1.49556	0.081476	72.1154
-1.49998	0.00539919	72.2473
-1.49594	-0.0779693	72.3918
-1.48141	-0.16622	72.5457
-1.45574	-0.2548	72.7024
-1.42636	-0.326172	72.8311
-1.38966	-0.395446	72.9591
-1.34854	-0.458243	73.0788
-1.30357	-0.515466	73.1918
-1.25503	-0.567844	73.2996
-1.20316	-0.615769	73.4031
-1.1482	-0.659453	73.5029
-1.09151	-0.698272	73.5976
-1.03413	-0.73214	73.6866
-0.976413	-0.761429	73.7705
-0.918634	-0.786486	73.8496
-0.861019	-0.80762	73.9243
-0.803756	-0.825106	73.9952
-0.747	-0.839192	74.0624
-0.690879	-0.850103	74.1262
-0.635499	-0.858039	74.1869
-0.580948	-0.863184	74.2448
-0.527295	-0.865703	74.2999
-0.4746	-0.865746	74.3527
-0.422908	-0.863448	74.4031
-0.372257	-0.858931	74.4514
-0.322676	-0.852301	74.4978
-0.27419	-0.843657	74.5423
-0.226817	-0.833084	74.5851
-0.180575	-0.820656	74.6264
-0.135479	-0.806439	74.6661
-0.0915447	-0.790489	74.7046
-0.0487902	-0.772857	74.7418
-0.00723868	-0.753585	74.7778
0.0330794	-0.732714	74.8127
0.0721234	-0.710286	74.8466
0.109839	-0.686347	74.8795
0.146158	-0.660954	74.9116
0.180991	-0.634183	74.9427
0.214236	-0.606135	74.9729
0.24578	-0.576939	75.0022
0.27551	-0.546753	75.0306
0.303326	-0.515752	75.0581
0.329159	-0.48412	75.0845
0.352977	-0.45202	75.1101
0.374791	-0.41959	75.1347
0.394644	-0.386923	75.1585
0.412604	-0.35407	75.1815
0.42875	-0.321041	75.2038
0.443163	-0.287807	75.2256
0.455915	-0.254302	75.247
0.467067	-0.220422	75.2681
0.476436	-0.186894	75.2886
0.484064	-0.153992	75.3084
0.490087	-0.121639	75.3275
0.494616	-0.0897459	75.3462
0.497737	-0.0582286	75.3646
0.499514	-0.0270054	75.3826
0.499989	0.00400135	75.4005
0.499189	0.0348652	75.4184
0.497122	0.0656567	75.4362
0.49378	0.0964441	75.4541
0.489138	0.127294	75.4723
0.483158	0.158271	75.4906
0.475782	0.18944	75.5094
0.466933	0.220861	75.5286
0.456518	0.252595	75.5484
0.444582	0.284296	75.5686
0.431339	0.315366	75.5889
0.416761	0.345922	75.6094
0.400816	0.376029	75.6303
0.383467	0.405726	75.6516
0.364678	0.435028	75.6733
0.344411	0.463926	75.6957
0.322638	0.492392	75.7187
0.29934	0.520376	75.7424
0.274511	0.547814	75.7668
0.24816	0.574623	75.792
0.220317	0.600714	75.8179
0.191022	0.625992	75.8447
0.160332	0.650362	75.8723
0.128307	0.673737	75.9007
0.095014	0.696038	75.9299
0.0605149	0.717194	75.9599
0.0248687	0.737146	75.9909
-0.0118728	0.755843	76.0227
-0.0496645	0.773239	76.0554
-0.0884681	0.789291	76.0892
-0.128251	0.80396	76.124
-0.168985	0.817204	76.1598
-0.210646	0.828978	76.1969
-0.25321	0.839238	76.2351
-0.296655	0.847931	76.2747
-0.340958	0.855002	76.3157
-0.386093	0.860389	76.3581
-0.432033	0.864022	76.4022
-0.478747	0.865829	76.4479
-0.526197	0.865728	76.4954
-0.574341	0.863629	76.5448
-0.623128	0.859435	76.5963
-0.6725	0.853043	76.6499
-0.722388	0.844338	76.7058
-0.772712	0.833199	76.7642
-0.823376	0.819494	76.8252
-0.874273	0.803081	76.889
-0.925272	0.783809	76.9558
-0.976227	0.761515	77.0257
-1.02696	0.736025	77.0991
-1.07728	0.707151	77.1761
-1.12694	0.674695	77.2571
-1.17566	0.638444	77.3423
-1.22314	0.598168	77.432
-1.26812	0.554522	77.5248
-1.31007	0.507778	77.6201
-1.34877	0.457919	77.7183
-1.38396	0.404925	77.8195
-1.41533	0.348757	77.924
-1.44254	0.289336	78.0321
-1.46518	0.226526	78.1444
-1.48277	0.160088	78.2615
-1.49464	0.0895815	78.3845
-1.49987	0.0141411	78.5153
-1.49689	-0.0682211	78.6581
-1.48352	-0.156563	78.812
-1.45916	-0.244971	78.968
-1.43043	-0.317381	79.0983
-1.39422	-0.387657	79.2277
-1.35356	-0.4512	79.3483
-1.30902	-0.50903	79.462
-1.26089	-0.561951	79.5704
-1.2094	-0.610383	79.6744
-1.15478	-0.654556	79.7746
-1.09821	-0.693979	79.87
-1.04089	-0.728409	79.9597
-0.983195	-0.758217	80.0441
-0.925411	-0.783754	80.1237
-0.867766	-0.805333	80.199
-0.810453	-0.823234	80.2702
-0.753631	-0.837708	80.3378
-0.697429	-0.84898	80.402
-0.641958	-0.857255	80.4631
-0.587305	-0.862719	80.5213
-0.533544	-0.865538	80.5768
-0.480733	-0.865865	80.6298
-0.428921	-0.863835	80.6805
-0.378146	-0.859572	80.729
-0.328439	-0.853186	80.7756
-0.279823	-0.844773	80.8203
-0.232319	-0.834422	80.8634
-0.185944	-0.822208	80.9048
-0.140712	-0.808198	80.9447
-0.0966404	-0.792449	80.9833
-0.0537463	-0.775012	81.0206
-0.0120522	-0.75593	81.0568
0.0284125	-0.735245	81.0918
0.0676085	-0.712998	81.1259
0.105484	-0.689233	81.1589
0.14197	-0.664008	81.191
0.176983	-0.637394	81.2223
0.21042	-0.609489	81.2526
0.24217	-0.58042	81.282
0.272118	-0.550341	81.3105
0.300163	-0.519427	81.3381
0.326231	-0.487859	81.3647
0.350286	-0.455807	81.3903
0.372333	-0.42341	81.415
0.392413	-0.390767	81.4389
0.410592	-0.357935	81.462
0.426947	-0.324927	81.4844
0.441559	-0.29172	81.5063
0.454503	-0.258251	81.5277
0.46584	-0.224422	81.5488
0.475424	-0.190817	81.5694
0.48325	-0.157845	81.5893
0.489456	-0.125431	81.6085
0.494156	-0.0934888	81.6272
0.49744	-0.0619316	81.6456
0.499372	-0.0306777	81.6637
0.5	0.000350663	81.6816
0.49935	0.0312276	81.6994
0.497432	0.0620241	81.7173
0.494241	0.0928085	81.7352
0.489755	0.123648	81.7533
0.483935	0.154606	81.7716
0.476727	0.185749	81.7903
0.468057	0.217138	81.8095
0.457833	0.248832	81.8292
0.446048	0.280616	81.8494
0.43296	0.311752	81.8697
0.41854	0.342364	81.8902
0.402757	0.372522	81.911
0.385575	0.402266	81.9322
0.366956	0.431614	81.954
0.346864	0.46056	81.9762
0.325269	0.489079	81.9992
0.30215	0.517123	82.0228
0.2775	0.544628	82.0471
0.251327	0.571516	82.0722
0.223657	0.597696	82.098
0.19453	0.623074	82.1247
0.164	0.647555	82.1522
0.132128	0.671051	82.1805
0.0989803	0.693481	82.2096
0.0646195	0.714775	82.2396
0.0291049	0.734871	82.2704
-0.00751064	0.753718	82.3021
-0.0451813	0.771268	82.3347
-0.0838681	0.78748	82.3684
-0.123538	0.802313	82.403
-0.164162	0.815726	82.4388
-0.205715	0.827676	82.4756
-0.248175	0.838115	82.5138
-0.291518	0.846995	82.5532
-0.335721	0.854259	82.594
-0.38076	0.859846	82.6362
-0.426607	0.86369	82.6801
-0.473232	0.865715	82.7256
-0.520598	0.865841	82.7729
-0.568663	0.863981	82.8221
-0.617377	0.860039	82.8733
-0.666684	0.85391	82.9267
-0.716516	0.845482	82.9823
-0.766793	0.834635	83.0404
-0.817423	0.821238	83.1011
-0.868298	0.80515	83.1645
-0.919293	0.786222	83.2309
-0.970261	0.764291	83.3005
-1.02103	0.739184	83.3735
-1.07141	0.710718	83.4501
-1.12116	0.678692	83.5306
-1.17001	0.642897	83.6152
-1.21765	0.603106	83.7044
-1.26298	0.559821	83.7969
-1.3053	0.513443	83.8919
-1.34439	0.463951	83.9898
-1.38001	0.411328	84.0906
-1.41184	0.355536	84.1947
-1.43956	0.296504	84.3024
-1.46277	0.234103	84.4141
-1.48098	0.16811	84.5306
-1.49356	0.0981158	84.6528
-1.49964	0.0233263	84.7826
-1.49775	-0.0580391	84.9236
-1.48559	-0.146497	85.0776
-1.46256	-0.234763	85.2331
-1.43448	-0.308309	85.365
-1.39878	-0.379669	85.496
-1.35858	-0.443994	85.6176
-1.31449	-0.502451	85.732
-1.26677	-0.555926	85.841
-1.21566	-0.604875	85.9455
-1.16141	-0.649544	86.0461
-1.10495	-0.689583	86.1422
-1.0477	-0.724585	86.2325
-0.990029	-0.75492	86.3175
-0.932243	-0.780945	86.3977
-0.874571	-0.802978	86.4735
-0.81721	-0.8213	86.5452
-0.760322	-0.836167	86.6132
-0.704041	-0.847807	86.6778
-0.648478	-0.856426	86.7392
-0.593724	-0.862214	86.7977
-0.539854	-0.865338	86.8535
-0.486929	-0.865952	86.9068
-0.434997	-0.864194	86.9578
-0.384097	-0.860189	87.0066
-0.334262	-0.854048	87.0534
-0.285516	-0.845871	87.0983
-0.237879	-0.835745	87.1415
-0.19137	-0.823748	87.1831
-0.146002	-0.809947	87.2233
-0.101792	-0.794401	87.262
-0.058758	-0.777161	87.2995
-0.0169206	-0.758272	87.3358
0.0236913	-0.737774	87.3709
0.0630399	-0.715709	87.4051
0.101074	-0.692122	87.4382
0.137729	-0.667065	87.4705
0.172921	-0.640611	87.5018
0.206551	-0.612854	87.5322
0.238506	-0.583915	87.5618
0.268673	-0.553946	87.5904
0.296948	-0.523121	87.618
0.323252	-0.491622	87.6448
0.347546	-0.459619	87.6705
0.369829	-0.427256	87.6953
0.390139	-0.394639	87.7193
0.408538	-0.361827	87.7425
0.425104	-0.328841	87.765
0.439919	-0.29566	87.7869
0.453056	-0.262227	87.8084
0.464581	-0.228447	87.8295
0.474383	-0.194764	87.8502
0.48241	-0.16172	87.8701
0.488801	-0.129244	87.8894
0.493675	-0.0972506	87.9082
0.497122	-0.0656521	87.9266
0.499212	-0.0343664	87.9447
0.499993	-0.00331527	87.9627
0.499493	0.0275759	87.9805
0.497725	0.0583782	87.9984
0.494686	0.0891606	88.0163
0.490355	0.11999	88.0343
0.484696	0.150931	88.0526
0.477656	0.182049	88.0713
0.469163	0.213405	88.0904
0.459128	0.24506	88.11
0.447495	0.276929	88.1302
0.434561	0.308133	88.1505
0.420299	0.338803	88.1709
0.404677	0.369011	88.1917
0.387661	0.398802	88.2129
0.369213	0.428196	88.2346
0.349295	0.45719	88.2568
0.327878	0.485761	88.2796
0.304938	0.513864	88.3031
0.280467	0.541436	88.3274
0.254472	0.5684	88.3524
0.226975	0.594668	88.3782
0.198016	0.620145	88.4047
0.167647	0.644736	88.4321
0.135929	0.668352	88.4603
0.102928	0.690911	88.4893
0.0687058	0.712341	88.5192
0.0333235	0.73258	88.5499
-0.00316554	0.751576	88.5815
-0.0407147	0.76928	88.6141
-0.0792843	0.785651	88.6476
-0.11884	0.800648	88.6821
-0.159354	0.81423	88.7177
-0.2008	0.826353	88.7544
-0.243154	0.836972	88.7924
-0.286395	0.846037	88.8317
-0.330498	0.853494	88.8723
-0.375441	0.859281	88.9144
-0.421195	0.863332	88.9581
-0.46773	0.865574	89.0034
-0.515011	0.865927	89.0505
-0.562997	0.864305	89.0994
-0.611638	0.860611	89.1504
-0.660879	0.854744	89.2035
-0.710653	0.846592	89.2589
-0.760882	0.836035	89.3166
-0.811476	0.822944	89.377
-0.862329	0.807179	89.4401
-0.913317	0.788591	89.5062
-0.964297	0.767021	89.5754
-1.0151	0.742296	89.648
-1.06553	0.714233	89.7241
-1.11537	0.682635	89.8041
-1.16434	0.647293	89.8883
-1.21214	0.607982	89.9769
-1.25781	0.565057	90.0691
-1.30049	0.519044	90.1638
-1.33998	0.469918	90.2613
-1.37602	0.417664	90.3618
-1.40831	0.362247	90.4655
-1.43654	0.3036	90.5727
-1.4603	0.241603	90.684
-1.47912	0.176048	90.7998
-1.4924	0.106554	90.9213
-1.4993	0.0323902	91.0501
-1.49846	-0.0480446	91.1894
-1.48748	-0.136639	91.3435
-1.46572	-0.224798	91.4986
-1.43829	-0.299522	91.6323
-1.40305	-0.371989	91.7649
-1.36329	-0.437088	91.8876
-1.31962	-0.496151	92.0027
-1.27229	-0.550157	92.1122
-1.22156	-0.599599	92.2171
-1.16764	-0.64474	92.3182
-1.11131	-0.685366	92.415
-1.05412	-0.720913	92.5059
-0.996482	-0.751751	92.5915
-0.938696	-0.778242	92.6722
-0.881001	-0.800705	92.7484
-0.823597	-0.819429	92.8206
-0.766649	-0.83467	92.889
-0.710294	-0.84666	92.9539
-0.654647	-0.855607	93.0157
-0.599798	-0.861702	93.0745
-0.545826	-0.865116	93.1306
-0.492793	-0.866003	93.1842
-0.440748	-0.864504	93.2354
-0.389731	-0.860745	93.2844
-0.339776	-0.854837	93.3314
-0.290907	-0.846883	93.3766
-0.243145	-0.836971	93.42
-0.196509	-0.825179	93.4618
-0.151013	-0.811577	93.502
-0.106673	-0.796223	93.5409
-0.0635065	-0.77917	93.5785
-0.0215341	-0.760462	93.6149
0.0192164	-0.740143	93.6502
0.0587083	-0.718251	93.6845
0.0968927	-0.694831	93.7178
0.133705	-0.669935	93.7501
0.169066	-0.643633	93.7815
0.202875	-0.616016	93.8121
0.235023	-0.587202	93.8417
0.265395	-0.55734	93.8704
0.293886	-0.526602	93.8982
0.320413	-0.495169	93.925
0.344932	-0.463214	93.9509
0.367439	-0.430886	93.9758
0.387966	-0.398293	93.9998
0.406575	-0.365501	94.0231
0.423342	-0.332535	94.0457
0.438348	-0.299378	94.0677
0.45167	-0.265977	94.0892
0.463372	-0.232241	94.1104
0.473382	-0.198484	94.1311
0.481599	-0.165371	94.1511
0.488166	-0.132837	94.1705
0.493204	-0.100794	94.1893
0.496807	-0.0691555	94.2078
0.499045	-0.0378389	94.2259
0.499969	-0.00676543	94.2439
0.499611	0.0241399	94.2617
0.497985	0.0549488	94.2795
0.495088	0.08573	94.2974
0.490902	0.116551	94.3155
0.485394	0.147476	94.3338
0.478511	0.178571	94.3524
0.470184	0.209898	94.3714
0.460326	0.241517	94.391
0.448835	0.273467	94.4112
0.436045	0.304736	94.4314
0.42193	0.33546	94.4519
0.406459	0.365716	94.4726
0.389598	0.395552	94.4937
0.371308	0.424989	94.5153
0.351554	0.454028	94.5375
0.330302	0.482647	94.5603
0.30753	0.510804	94.5837
0.283227	0.538438	94.6079
0.257398	0.565474	94.6328
0.230065	0.591822	94.6585
0.201264	0.617391	94.685
0.171047	0.642084	94.7123
0.139474	0.665811	94.7404
0.10661	0.688489	94.7693
0.0725192	0.710046	94.7991
0.0372615	0.730419	94.8297
0.000891504	0.749553	94.8612
-0.0365434	0.767402	94.8936
-0.0750028	0.783921	94.927
-0.114452	0.799071	94.9614
-0.154862	0.812809	94.9969
-0.196207	0.825095	95.0335
-0.238462	0.835882	95.0714
-0.281607	0.84512	95.1105
-0.325617	0.852756	95.151
-0.370468	0.858729	95.1929
-0.416135	0.862974	95.2364
-0.462586	0.865419	95.2815
-0.509787	0.865984	95.3284
-0.557698	0.864582	95.3771
-0.60627	0.861121	95.4279
-0.655448	0.855498	95.4807
-0.705167	0.847602	95.5358
-0.75535	0.837315	95.5934
-0.805909	0.824508	95.6534
-0.856739	0.809044	95.7163
-0.907719	0.790774	95.782
-0.958707	0.769539	95.8508
-1.00954	0.745169	95.923
-1.06002	0.717481	95.9988
-1.10994	0.686282	96.0783
-1.15902	0.651361	96.162
-1.20696	0.612497	96.2501
-1.25295	0.569909	96.3421
-1.29597	0.524236	96.4365
-1.33582	0.475452	96.5337
-1.37225	0.423542	96.6338
-1.40497	0.368474	96.7371
-1.43366	0.310185	96.844
-1.45793	0.248564	96.9548
-1.47732	0.183413	97.0701
-1.49124	0.114377	97.1909
-1.49889	0.0407797	97.3187
-1.49899	-0.0388351	97.4567
-1.48909	-0.127574	97.6109
-1.4685	-0.215664	97.7656
-1.44163	-0.291539	97.901
-1.40681	-0.365072	98.0353
-1.36744	-0.430889	98.1589
-1.32414	-0.490501	98.2747
-1.27717	-0.544984	98.3847
-1.22676	-0.594867	98.49
-1.17315	-0.640428	98.5915
-1.11693	-0.681578	98.6888
-1.0598	-0.717613	98.7803
-1.00219	-0.7489	98.8664
-0.944412	-0.775806	98.9476
-0.886698	-0.798655	99.0242
-0.829257	-0.817737	99.0968
-0.772258	-0.833311	99.1655
-0.715839	-0.845613	99.2308
-0.660117	-0.854852	99.2929
-0.605186	-0.861222	99.352
-0.551124	-0.864893	99.4084
-0.497995	-0.866024	99.4622
-0.44585	-0.864755	99.5136
-0.39473	-0.861214	99.5629
-0.344669	-0.855514	99.6101
-0.295691	-0.847758	99.6554
-0.24782	-0.838036	99.6989
-0.201071	-0.826427	99.7409
-0.155462	-0.813001	99.7813
-0.111007	-0.797818	99.8203
-0.0677234	-0.780931	99.8581
-0.0256318	-0.762385	99.8946
0.015241	-0.742223	99.93
0.0548594	-0.720485	99.9643
0.0931757	-0.697214	99.9977
0.130127	-0.672462	100.03
