0.5	0
0.499998	0.00173205
0.499928	0.0103918
0.498867	0.0412197
0.496538	0.0720049
0.49293	0.1028
0.488016	0.133671
0.481753	0.164682
0.47408	0.195898
0.464917	0.227379
0.454165	0.259185
0.441961	0.290743
0.428446	0.321701
0.413589	0.35216
0.397358	0.38218
0.379715	0.411796
0.360624	0.441015
0.340049	0.469827
0.317964	0.498199
0.29435	0.526076
0.269206	0.553391
0.242545	0.58006
0.214399	0.605992
0.184812	0.63109
0.153841	0.655262
0.12155	0.678422
0.0880031	0.700492
0.0532631	0.721405
0.0173872	0.741102
-0.0195741	0.759535
-0.0575772	0.776657
-0.0965851	0.792428
-0.136566	0.806807
-0.177493	0.819751
-0.219342	0.831218
-0.26209	0.841159
-0.305713	0.849523
-0.350189	0.856252
-0.395493	0.861283
-0.441595	0.864547
-0.488464	0.865968
-0.53606	0.865462
-0.584341	0.86294
-0.633254	0.858302
-0.682738	0.851443
-0.732723	0.842247
-0.783125	0.83059
-0.833847	0.816339
-0.884776	0.79935
-0.935779	0.779469
-0.986703	0.756531
-1.03737	0.73036
-1.08757	0.700765
-1.13706	0.667545
-1.18556	0.630483
-1.23273	0.589349
-1.27709	0.545065
-1.31839	0.497674
-1.35638	0.447166
-1.3908	0.393517
-1.42134	0.336681
-1.44764	0.276569
-1.46927	0.21303
-1.48573	0.145792
-1.49631	0.0743531
-1.5	-0.00229921
-1.49499	-0.0866069
-1.47942	-0.174792
-1.45257	-0.263557
-1.42262	-0.334042
-1.38546	-0.402454
-1.34392	-0.464593
-1.29856	-0.521271
-1.24965	-0.573161
-1.19745	-0.620625
-1.14217	-0.663866
-1.08538	-0.702137
-1.02795	-0.735495
-0.970211	-0.764314
-0.912439	-0.788936
-0.854854	-0.809666
-0.797638	-0.826776
-0.740944	-0.840511
-0.684898	-0.851093
-0.629604	-0.858721
-0.575145	-0.863577
-0.521593	-0.865823
-0.469003	-0.865609
-0.417421	-0.863068
-0.366884	-0.858318
-0.31742	-0.851468
-0.269052	-0.842613
-0.2218	-0.831837
-0.17568	-0.819215
-0.130708	-0.804809
-0.0868993	-0.788677
-0.0442727	-0.770866
-0.00285201	-0.751421
0.0373315	-0.730381
0.0762358	-0.707788
0.113805	-0.68369
0.149969	-0.658145
0.184637	-0.631232
0.217705	-0.603054
0.24906	-0.573744
0.278588	-0.543461
0.306194	-0.512385
0.331812	-0.480694
0.355414	-0.448554
0.377015	-0.416094
0.396661	-0.383405
0.414422	-0.350534
0.430379	-0.317485
0.44461	-0.284225
0.457188	-0.250686
0.468171	-0.216758
0.477344	-0.183299
0.484792	-0.150461
0.490648	-0.118162
0.495021	-0.0863139
0.497994	-0.0548324
0.499627	-0.0236363
0.499964	0.00735144
0.499026	0.0382041
0.496822	0.0689919
0.49334	0.0997829
0.488556	0.130643
0.482428	0.161638
0.474896	0.192831
0.465882	0.224284
0.455291	0.256055
0.443214	0.287681
0.429829	0.318691
0.415104	0.349196
0.39901	0.379258
0.381507	0.408912
0.362559	0.43817
0.342131	0.467024
0.320195	0.49544
0.296731	0.523369
0.271736	0.550742
0.245223	0.577479
0.217221	0.603487
0.187772	0.628671
0.156935	0.652938
0.12477	0.6762
0.0913433	0.69838
0.0567175	0.719409
0.0209506	0.739228
-0.0159064	0.757786
-0.0538092	0.775039
-0.0927202	0.790944
-0.132607	0.805461
-0.173443	0.818548
-0.215202	0.830161
-0.257863	0.840254
-0.301401	0.848775
-0.345795	0.855667
-0.391019	0.860867
-0.437044	0.864307
-0.483839	0.865912
-0.531366	0.865599
-0.579582	0.863279
-0.628436	0.858853
-0.677867	0.852216
-0.727807	0.843254
-0.778172	0.831845
-0.828867	0.817854
-0.879781	0.80114
-0.930783	0.781549
-0.981723	0.758918
-1.03242	0.733072
-1.08268	0.703821
-1.13225	0.670965
-1.18086	0.63429
-1.22818	0.593566
-1.27284	0.549585
-1.31445	0.502502
-1.35278	0.452303
-1.38756	0.398967
-1.4185	0.342449
-1.44523	0.282667
-1.46735	0.219476
-1.48435	0.152622
-1.49555	0.0816314
-1.49998	0.0055669
-1.49596	-0.0777818
-1.48145	-0.166034
-1.45581	-0.254611
-1.42644	-0.326002
-1.38975	-0.395295
-1.34864	-0.458106
-1.30368	-0.51534
-1.25514	-0.56773
-1.20329	-0.615664
-1.14833	-0.659358
-1.09164	-0.698189
-1.03426	-0.732067
-0.976545	-0.761366
-0.918766	-0.786433
-0.861151	-0.807575
-0.803887	-0.82507
-0.747129	-0.839163
-0.691007	-0.850081
-0.635625	-0.858024
-0.581072	-0.863175
-0.527417	-0.8657
-0.474719	-0.865749
-0.423025	-0.863456
-0.372371	-0.858943
-0.322788	-0.852319
-0.274299	-0.843679
-0.226925	-0.83311
-0.18068	-0.820686
-0.135581	-0.806473
-0.091644	-0.790528
-0.0488868	-0.772899
-0.00733251	-0.753631
0.0329884	-0.732764
0.0720354	-0.710339
0.109755	-0.686403
0.146076	-0.661014
0.180913	-0.634246
0.214162	-0.606201
0.24571	-0.577007
0.275444	-0.546823
0.303265	-0.515824
0.329102	-0.484193
0.352925	-0.452094
0.374743	-0.419664
0.394601	-0.386998
0.412565	-0.354145
0.428715	-0.321117
0.443132	-0.287883
0.455888	-0.254379
0.467043	-0.2205
0.476417	-0.186971
0.484048	-0.154067
0.490075	-0.121713
0.494607	-0.089819
0.497731	-0.058301
0.499511	-0.0270772
0.49999	0.00392996
0.499193	0.034794
0.497128	0.0655856
0.493789	0.096373
0.489151	0.127223
0.483174	0.1582
0.4758	0.189368
0.466956	0.220789
0.456544	0.252522
0.444611	0.284224
0.431371	0.315295
0.416796	0.345852
0.400854	0.375961
0.383509	0.405659
0.364722	0.434961
0.344459	0.46386
0.32269	0.492327
0.299395	0.520313
0.274569	0.547751
0.248223	0.574562
0.220383	0.600655
0.191091	0.625935
0.160404	0.650308
0.128382	0.673685
0.0950919	0.695988
0.0605956	0.717147
0.0249519	0.737102
-0.0117871	0.755802
-0.0495764	0.7732
-0.0883778	0.789256
-0.128159	0.803928
-0.168891	0.817175
-0.210549	0.828953
-0.253111	0.839217
-0.296554	0.847913
-0.340855	0.854988
-0.385988	0.860378
-0.431927	0.864016
-0.478639	0.865828
-0.526087	0.865731
-0.574229	0.863636
-0.623015	0.859448
-0.672386	0.85306
-0.722273	0.844361
-0.772596	0.833228
-0.82326	0.819529
-0.874156	0.803122
-0.925155	0.783857
-0.97611	0.76157
-1.02685	0.736087
-1.07716	0.707222
-1.12682	0.674774
-1.17555	0.638532
-1.22303	0.598266
-1.26802	0.554627
-1.30998	0.507889
-1.34869	0.458037
-1.38388	0.405052
-1.41526	0.34889
-1.44248	0.289477
-1.46514	0.226675
-1.48273	0.160246
-1.49462	0.0897494
-1.49986	0.014322
-1.49691	-0.0680201
-1.48357	-0.156364
-1.45923	-0.244769
-1.43051	-0.317201
-1.39431	-0.387498
-1.35366	-0.451056
-1.30913	-0.508898
-1.26101	-0.56183
-1.20952	-0.610273
-1.15492	-0.654456
-1.09835	-0.693891
-1.04103	-0.728333
-0.983332	-0.758151
-0.925548	-0.783698
-0.867903	-0.805286
-0.810589	-0.823196
-0.753765	-0.837677
-0.697562	-0.848956
-0.642088	-0.857239
-0.587434	-0.862709
-0.53367	-0.865534
-0.480858	-0.865867
-0.429043	-0.863843
-0.378266	-0.859585
-0.328556	-0.853203
-0.279937	-0.844795
-0.23243	-0.834449
-0.186052	-0.822239
-0.140818	-0.808233
-0.0967436	-0.792489
-0.0538467	-0.775055
-0.0121498	-0.755977
0.0283179	-0.735296
0.067517	-0.713052
0.105395	-0.689291
0.141885	-0.664069
0.176901	-0.637458
0.210343	-0.609557
0.242097	-0.580491
0.272049	-0.550413
0.300099	-0.519501
0.326171	-0.487935
0.350231	-0.455884
0.372283	-0.423487
0.392368	-0.390845
0.410551	-0.358013
0.42691	-0.325006
0.441526	-0.291799
0.454474	-0.258331
0.465815	-0.224503
0.475403	-0.190897
0.483233	-0.157923
0.489443	-0.125508
0.494147	-0.0935644
0.497434	-0.0620063
0.499369	-0.0307518
0.5	0.000276963
0.499353	0.0311542
0.497438	0.0619508
0.49425	0.0927352
0.489767	0.123574
0.483951	0.154533
0.476746	0.185675
0.46808	0.217063
0.457859	0.248756
0.446077	0.280541
0.432992	0.311679
0.418575	0.342293
0.402796	0.372451
0.385617	0.402196
0.367002	0.431545
0.346913	0.460492
0.325322	0.489012
0.302207	0.517057
0.27756	0.544564
0.251391	0.571453
0.223724	0.597635
0.1946	0.623015
0.164073	0.647499
0.132205	0.670997
0.0990601	0.69343
0.064702	0.714726
0.0291901	0.734825
-0.0074229	0.753675
-0.0450911	0.771228
-0.0837756	0.787444
-0.123443	0.80228
-0.164065	0.815696
-0.205616	0.827649
-0.248073	0.838093
-0.291414	0.846976
-0.335615	0.854244
-0.380653	0.859835
-0.426498	0.863683
-0.473121	0.865712
-0.520485	0.865844
-0.568548	0.863988
-0.617262	0.860051
-0.666567	0.853927
-0.716398	0.845505
-0.766674	0.834664
-0.817303	0.821273
-0.868178	0.805192
-0.919173	0.78627
-0.970141	0.764346
-1.02091	0.739248
-1.07129	0.710789
-1.12104	0.678772
-1.16989	0.642986
-1.21754	0.603204
-1.26287	0.559927
-1.3052	0.513556
-1.3443	0.464072
-1.37993	0.411456
-1.41177	0.355672
-1.4395	0.296647
-1.46272	0.234255
-1.48094	0.16827
-1.49354	0.0982865
-1.49963	0.0235098
-1.49777	-0.0578364
-1.48563	-0.146297
-1.46262	-0.23456
-1.43456	-0.30813
-1.39887	-0.379512
-1.35868	-0.443852
-1.31459	-0.502322
-1.26688	-0.555808
-1.21578	-0.604767
-1.16153	-0.649445
-1.10508	-0.689496
-1.04783	-0.724509
-0.990162	-0.754855
-0.932376	-0.78089
-0.874704	-0.802931
-0.817342	-0.821262
-0.760452	-0.836136
-0.70417	-0.847783
-0.648605	-0.85641
-0.59385	-0.862203
-0.539978	-0.865333
-0.48705	-0.865953
-0.435115	-0.864201
-0.384213	-0.860201
-0.334376	-0.854065
-0.285627	-0.845892
-0.237988	-0.835771
-0.191476	-0.823778
-0.146106	-0.809981
-0.101893	-0.794439
-0.0588559	-0.777203
-0.0170157	-0.758317
0.0235991	-0.737823
0.0629506	-0.715762
0.100988	-0.692178
0.137646	-0.667125
0.172842	-0.640674
0.206475	-0.612919
0.238435	-0.583983
0.268606	-0.554016
0.296885	-0.523193
0.323194	-0.491695
0.347492	-0.459693
0.36978	-0.427331
0.390094	-0.394714
0.408498	-0.361903
0.425068	-0.328917
0.439886	-0.295737
0.453028	-0.262304
0.464556	-0.228525
0.474363	-0.194841
0.482393	-0.161795
0.488788	-0.129319
0.493665	-0.0973238
0.497116	-0.0657245
0.499209	-0.0344382
0.499992	-0.00338661
0.499496	0.0275048
0.497731	0.0583073
0.494695	0.0890896
0.490367	0.119919
0.484711	0.15086
0.477674	0.181977
0.469185	0.213333
0.459153	0.244987
0.447523	0.276857
0.434592	0.308063
0.420333	0.338733
0.404715	0.368942
0.387702	0.398734
0.369256	0.42813
0.349342	0.457125
0.327928	0.485697
0.304992	0.5138
0.280525	0.541374
0.254533	0.56834
0.227039	0.59461
0.198083	0.620088
0.167718	0.644682
0.136003	0.6683
0.103004	0.690861
0.068785	0.712294
0.0334053	0.732536
-0.00308129	0.751534
-0.0406281	0.769242
-0.0791954	0.785616
-0.118749	0.800616
-0.159261	0.814201
-0.200705	0.826327
-0.243057	0.83695
-0.286295	0.846019
-0.330397	0.853479
-0.375338	0.85927
-0.42109	0.863325
-0.467624	0.865571
-0.514903	0.865929
-0.562887	0.864311
-0.611527	0.860622
-0.660767	0.85476
-0.710539	0.846614
-0.760768	0.836062
-0.811361	0.822977
-0.862213	0.807218
-0.913201	0.788637
-0.964181	0.767073
-1.01499	0.742356
-1.06542	0.714301
-1.11526	0.682711
-1.16423	0.647378
-1.21203	0.608076
-1.25771	0.565158
-1.3004	0.519152
-1.3399	0.470033
-1.37594	0.417786
-1.40825	0.362376
-1.43648	0.303737
-1.46025	0.241748
-1.47908	0.176201
-1.49238	0.106716
-1.49929	0.0325648
-1.49847	-0.0478527
-1.48751	-0.13645
-1.46578	-0.224607
-1.43836	-0.299354
-1.40313	-0.371843
-1.36338	-0.436957
-1.31972	-0.496032
-1.2724	-0.550048
-1.22167	-0.599499
-1.16776	-0.644649
-1.11143	-0.685286
-1.05424	-0.720843
-0.996603	-0.751691
-0.938817	-0.77819
-0.881122	-0.800662
-0.823717	-0.819393
-0.766768	-0.834641
-0.710412	-0.846638
-0.654762	-0.855591
-0.599913	-0.861692
-0.545939	-0.865111
-0.492903	-0.866004
-0.440856	-0.864509
-0.389837	-0.860754
-0.339879	-0.854852
-0.291008	-0.846901
-0.243244	-0.836993
-0.196606	-0.825205
-0.151107	-0.811607
-0.106765	-0.796257
-0.0635958	-0.779207
-0.0216209	-0.760503
0.0191322	-0.740187
0.0586268	-0.718298
0.096814	-0.694881
0.13363	-0.669989
0.168993	-0.64369
0.202806	-0.616075
0.234958	-0.587263
0.265334	-0.557403
0.293828	-0.526667
0.320359	-0.495235
0.344883	-0.463282
0.367394	-0.430954
0.387925	-0.398361
0.406538	-0.36557
0.423309	-0.332604
0.438318	-0.299448
0.451643	-0.266047
0.463349	-0.232313
0.473363	-0.198554
0.481583	-0.16544
0.488154	-0.132904
0.493195	-0.10086
0.4968	-0.0692212
0.499042	-0.0379041
0.499969	-0.00683013
0.499613	0.0240755
0.49799	0.0548845
0.495096	0.0856657
0.490913	0.116486
0.485407	0.147412
0.478526	0.178506
0.470203	0.209832
0.460348	0.241451
0.44886	0.273403
0.436073	0.304673
0.42196	0.335398
0.406493	0.365655
0.389634	0.395491
0.371348	0.424929
0.351596	0.453969
0.330347	0.482589
0.307579	0.510747
0.283279	0.538382
0.257453	0.565419
0.230122	0.591769
0.201325	0.617339
0.17111	0.642034
0.13954	0.665763
0.106679	0.688444
0.0725904	0.710004
0.0373351	0.730379
0.000967317	0.749516
-0.0364655	0.767367
-0.0749227	0.783889
-0.11437	0.799041
-0.154778	0.812783
-0.196121	0.825071
-0.238375	0.835861
-0.281517	0.845103
-0.325526	0.852742
-0.370376	0.858719
-0.416041	0.862967
-0.46249	0.865416
-0.50969	0.865985
-0.557599	0.864587
-0.60617	0.861131
-0.655347	0.855512
-0.705064	0.847621
-0.755247	0.837339
-0.805805	0.824537
-0.856635	0.809079
-0.907615	0.790814
-0.958603	0.769586
-1.00944	0.745222
-1.05992	0.717542
-1.10984	0.68635
-1.15892	0.651437
-1.20687	0.612581
-1.25286	0.569999
-1.29588	0.524333
-1.33574	0.475555
-1.37218	0.423651
-1.40491	0.36859
-1.4336	0.310308
-1.45788	0.248693
-1.47728	0.18355
-1.49122	0.114523
-1.49888	0.0409355
-1.499	-0.0386646
-1.48912	-0.127407
-1.46855	-0.215496
-1.44169	-0.291392
-1.40687	-0.364945
-1.36751	-0.430776
-1.32423	-0.490398
-1.27726	-0.544889
-1.22685	-0.59478
-1.17325	-0.640349
-1.11703	-0.681509
-1.0599	-0.717553
-1.0023	-0.748848
-0.944515	-0.775761
-0.886801	-0.798617
-0.82936	-0.817705
-0.772359	-0.833286
-0.715939	-0.845593
-0.660216	-0.854838
-0.605283	-0.861212
-0.55122	-0.864889
-0.498089	-0.866024
-0.445943	-0.864759
-0.394821	-0.861222
-0.344757	-0.855526
-0.295778	-0.847774
-0.247905	-0.838055
-0.201154	-0.826449
-0.155543	-0.813026
-0.111086	-0.797847
-0.0677999	-0.780963
-0.0257061	-0.76242
0.0151689	-0.742261
0.0547896	-0.720525
0.0931082	-0.697257
0.130063	-0.672507
0.165573	-0.646343
0.199544	-0.618853
0.231864	-0.590153
0.26242	-0.56039
0.291104	-0.529731
0.317832	-0.49836
0.342554	-0.466451
0.365263	-0.434155
0.385987	-0.401585
0.404786	-0.368811
0.421735	-0.335863
0.436914	-0.302727
0.450402	-0.269354
0.462265	-0.235657
0.472463	-0.201833
0.480853	-0.168657
0.48758	-0.136069
0.492766	-0.103981
0.496508	-0.0723055
0.498881	-0.0409604
0.499935	-0.00986596
0.499704	0.021053
0.498205	0.0518683
0.495436	0.0826493
0.49138	0.113463
0.486006	0.144375
0.479263	0.17545
0.471085	0.206751
0.461384	0.238338
0.450056	0.270268
0.437399	0.3016
0.423419	0.332375
0.408087	0.362675
0.391368	0.392552
0.373225	0.422029
0.35362	0.451109
0.332521	0.479772
0.309903	0.507978
0.285756	0.535669
0.26008	0.562768
0.232897	0.589191
0.204243	0.614843
0.174167	0.639628
0.142728	0.663457
0.109992	0.686245
0.0760219	0.707919
0.0408797	0.728414
0.00461995	0.747676
-0.0327092	0.765656
-0.0710666	0.782312
-0.110417	0.797602
-0.150731	0.811485
-0.191982	0.82392
-0.234147	0.83486
-0.277202	0.844257
-0.321126	0.852058
-0.365894	0.858202
-0.411479	0.862626
-0.457853	0.865256
-0.50498	0.866015
-0.55282	0.864816
-0.601328	0.861568
-0.650447	0.856168
-0.700115	0.848508
-0.750255	0.838468
-0.800781	0.825923
-0.851588	0.810734
-0.902559	0.792754
-0.953554	0.771827
-1.00441	0.747782
-1.05494	0.720439
-1.10492	0.689604
-1.1541	0.655069
-1.20217	0.616615
-1.24845	0.574336
-1.29178	0.528977
-1.33196	0.480506
-1.36874	0.428912
-1.40185	0.374164
-1.43096	0.316204
-1.45569	0.254925
-1.4756	0.190142
-1.49011	0.121521
-1.49844	0.0484294
-1.49938	-0.0304689
-1.49055	-0.11876
-1.47106	-0.206824
-1.44477	-0.283819
-1.41033	-0.358435
-1.37133	-0.424961
-1.32839	-0.485104
-1.28175	-0.540043
-1.23166	-0.590345
-1.17835	-0.636307
-1.12223	-0.677956
-1.06516	-0.714455
-1.00758	-0.746169
-0.949808	-0.77347
-0.892079	-0.796684
-0.834605	-0.816107
-0.777558	-0.831999
-0.721079	-0.844597
-0.665288	-0.854114
-0.610279	-0.860743
-0.556134	-0.86466
-0.502915	-0.866022
-0.450677	-0.864971
-0.39946	-0.861637
-0.349298	-0.856135
-0.300218	-0.848567
-0.252243	-0.839025
-0.205389	-0.827589
-0.159672	-0.81433
-0.115109	-0.799309
-0.0717151	-0.782579
-0.0295112	-0.764186
0.0114768	-0.744173
0.0512142	-0.72258
0.0896544	-0.69945
0.126737	-0.674834
0.162383	-0.648796
0.196499	-0.621423
0.228976	-0.592829
0.259698	-0.563156
0.288558	-0.532572
0.315467	-0.501258
0.340374	-0.469392
0.363266	-0.437126
0.38417	-0.404577
0.403142	-0.371821
0.420257	-0.338888
0.435596	-0.30577
0.449236	-0.272422
0.461245	-0.23876
0.471615	-0.204874
0.480163	-0.171641
0.487035	-0.139003
0.492356	-0.106873
0.496226	-0.0751637
0.498721	-0.043792
0.499893	-0.012678
0.499778	0.0182538
0.498393	0.0490757
0.495739	0.079857
0.491802	0.110665
0.486549	0.141566
0.479933	0.172623
0.471888	0.203901
0.46233	0.23546
0.451154	0.267356
0.438616	0.298746
0.424759	0.329568
0.409553	0.35991
0.392963	0.389824
0.374952	0.419338
0.355483	0.448455
0.334522	0.477158
0.312045	0.505408
0.288038	0.533149
0.262502	0.560306
0.235456	0.586795
0.206935	0.612521
0.176987	0.63739
0.145671	0.66131
0.113051	0.684197
0.0791921	0.705976
0.0441552	0.726582
0.00799599	0.745959
-0.0292367	0.764059
-0.0675012	0.780838
-0.106762	0.796255
-0.146989	0.81027
-0.188155	0.822839
-0.230236	0.833919
-0.273211	0.84346
-0.317056	0.85141
-0.361747	0.857709
-0.407258	0.862293
-0.453561	0.865091
-0.50062	0.866025
-0.548397	0.86501
-0.596845	0.861954
-0.645911	0.856757
-0.695532	0.849309
-0.745632	0.839493
-0.796126	0.827183
-0.846912	0.812243
-0.897874	0.794526
-0.948872	0.773877
-0.999749	0.750125
-1.05032	0.723093
-1.10036	0.692587
-1.14962	0.658401
-1.19781	0.620317
-1.24435	0.578319
-1.28795	0.533243
-1.32843	0.485056
-1.36553	0.433748
-1.39899	0.37929
-1.42848	0.321626
-1.45363	0.260656
-1.474	0.196204
-1.48903	0.127952
-1.49796	0.0553084
-1.49965	-0.022968
-1.49189	-0.110099
-1.47347	-0.198178
-1.44776	-0.276244
-1.41368	-0.351973
-1.37503	-0.419212
-1.33244	-0.479875
-1.28613	-0.535257
-1.23634	-0.585965
-1.18331	-0.632312
-1.1273	-0.674444
-1.07029	-0.711391
-1.01275	-0.743517
-0.954977	-0.771198
-0.897235	-0.794766
-0.839731	-0.814517
-0.782639	-0.830715
-0.726105	-0.843598
-0.670248	-0.853383
-0.615166	-0.860263
-0.56094	-0.864416
-0.507637	-0.866
-0.455309	-0.86516
-0.403999	-0.862026
-0.353741	-0.856713
-0.304564	-0.849326
-0.256489	-0.839957
-0.209534	-0.828687
-0.163715	-0.815588
-0.119048	-0.800723
-0.0755487	-0.784143
-0.0332374	-0.765898
0.00786066	-0.746028
0.0477116	-0.724575
0.0862701	-0.701581
0.123477	-0.677095
0.159255	-0.651181
0.193512	-0.623923
0.22614	-0.595433
0.257024	-0.56585
0.286054	-0.53534
0.313141	-0.504085
0.338228	-0.472261
0.3613	-0.440025
0.38238	-0.407498
0.401522	-0.374758
0.4188	-0.341841
0.434294	-0.308741
0.448083	-0.275416
0.460236	-0.241787
0.470775	-0.20784
0.479477	-0.174551
0.486492	-0.141864
0.491946	-0.109692
0.495941	-0.0779494
0.498554	-0.0465511
0.499841	-0.0154174
0.499839	0.0155275
0.498566	0.0463563
0.496025	0.0771384
0.492202	0.107941
0.487067	0.138831
0.480573	0.169872
0.472658	0.201128
0.463237	0.23266
0.452209	0.264524
0.439788	0.295972
0.426049	0.32684
0.410964	0.357223
0.394499	0.387173
0.376617	0.416722
0.357279	0.445875
0.336452	0.474616
0.314111	0.502909
0.290241	0.530697
0.264841	0.55791
0.237929	0.584462
0.209537	0.61026
0.179714	0.63521
0.148517	0.659218
0.116011	0.6822
0.0822601	0.704081
0.0473258	0.724793
0.0112646	0.744282
-0.0258742	0.762498
-0.0640482	0.779397
-0.103221	0.794937
-0.143363	0.809078
-0.184446	0.821778
-0.226447	0.832992
-0.269343	0.842673
-0.313111	0.850767
-0.357728	0.857216
-0.403168	0.861955
-0.449401	0.864916
-0.496394	0.86602
-0.544109	0.865182
-0.592499	0.862312
-0.641513	0.85731
-0.691086	0.850067
-0.741147	0.840468
-0.79161	0.828385
-0.842375	0.813686
-0.893326	0.796223
-0.944327	0.775841
-0.995222	0.752374
-1.04583	0.725642
-1.09592	0.695454
-1.14527	0.661605
-1.19357	0.623877
-1.24036	0.582151
-1.28422	0.53735
-1.32499	0.489438
-1.3624	0.438406
-1.39619	0.384228
-1.42604	0.326851
-1.45159	0.266179
-1.4724	0.202044
-1.48793	0.134146
-1.49744	0.0619266
-1.49983	-0.0157701
-1.49306	-0.101862
-1.47565	-0.189966
-1.4505	-0.269106
-1.41675	-0.345953
-1.37841	-0.413879
-1.33614	-0.475032
-1.29013	-0.530825
-1.24062	-0.581908
-1.18785	-0.628611
-1.13204	-0.671115
-1.0751	-0.708481
-1.01759	-0.740997
-0.959828	-0.769038
-0.902075	-0.792939
-0.844543	-0.812999
-0.787411	-0.829486
-0.730825	-0.842639
-0.674907	-0.852676
-0.619757	-0.859793
-0.565457	-0.864168
-0.512074	-0.865962
-0.459662	-0.865321
-0.408265	-0.862374
-0.357918	-0.85724
-0.308649	-0.850023
-0.260481	-0.840817
-0.213431	-0.829704
-0.167517	-0.816757
-0.122752	-0.802037
-0.0791542	-0.7856
-0.0367423	-0.767492
0.00445876	-0.747757
0.0444159	-0.726436
0.083085	-0.703569
0.120408	-0.679206
0.15631	-0.653409
0.190698	-0.62626
0.223467	-0.597868
0.254502	-0.568371
0.283692	-0.537932
0.310944	-0.506732
0.3362	-0.47495
0.359441	-0.442743
0.380686	-0.410237
0.399988	-0.377513
0.417419	-0.34461
0.43306	-0.311527
0.446989	-0.278224
0.459277	-0.244624
0.469975	-0.21062
0.478824	-0.177277
0.485973	-0.144544
0.491552	-0.112333
0.495664	-0.0805578
0.498389	-0.0491341
0.499784	-0.0179815
0.499888	0.0129762
0.498719	0.0438119
0.496283	0.0745953
0.492567	0.105394
0.487542	0.136274
0.481163	0.167301
0.473368	0.198536
0.464075	0.230043
0.453184	0.261878
0.440871	0.29338
0.427243	0.324292
0.412271	0.354712
0.395922	0.384698
0.378159	0.414279
0.358944	0.443466
0.338242	0.472242
0.316028	0.500574
0.292284	0.528407
0.267012	0.555671
0.240224	0.582281
0.211954	0.608145
0.182248	0.633169
0.151163	0.657259
0.118763	0.68033
0.0851133	0.702304
0.0502753	0.723117
0.0143058	0.742709
-0.0227451	0.761033
-0.0608344	0.778042
-0.0999257	0.793697
-0.139988	0.807956
-0.180994	0.820778
-0.222919	0.832117
-0.265742	0.841927
-0.309438	0.850155
-0.353985	0.856743
-0.399357	0.861628
-0.445526	0.864739
-0.492457	0.866001
-0.540113	0.865328
-0.58845	0.862631
-0.637413	0.85781
-0.686943	0.850758
-0.736967	0.841359
-0.787399	0.829488
-0.838144	0.815012
-0.889084	0.797784
-0.940087	0.777652
-0.990997	0.754448
-1.04163	0.727994
-1.09178	0.698101
-1.1412	0.664565
-1.1896	0.627169
-1.23662	0.585696
-1.28073	0.54115
-1.32176	0.493494
-1.35946	0.44272
-1.39356	0.388802
-1.42375	0.33169
-1.44967	0.271294
-1.47089	0.207453
-1.48687	0.139881
-1.49691	0.0680483
-1.49994	-0.00912709
-1.49405	-0.0943147
-1.47756	-0.182453
-1.44962	-0.271412
-1.41915	-0.341128
-1.38158	-0.408787
-1.33967	-0.470342
-1.29395	-0.526529
-1.24471	-0.577975
-1.19219	-0.625021
-1.13662	-0.667857
-1.07975	-0.705631
-1.02228	-0.738527
-0.964524	-0.766918
-0.906762	-0.791144
-0.849205	-0.811506
-0.792035	-0.828274
-0.7354	-0.841689
-0.679423	-0.851972
-0.624207	-0.859319
-0.569835	-0.863911
-0.516376	-0.86591
-0.463883	-0.865461
-0.412402	-0.862697
-0.361969	-0.857736
-0.312612	-0.850685
-0.264353	-0.841637
-0.217212	-0.830677
-0.171205	-0.817876
-0.126346	-0.803298
-0.0826527	-0.786998
-0.0401436	-0.769025
0.00115696	-0.749421
0.0412166	-0.728226
0.0799923	-0.705483
0.117427	-0.68124
0.153448	-0.655557
0.187963	-0.628514
0.220868	-0.600218
0.252048	-0.570805
0.281391	-0.540436
0.308804	-0.509291
0.334223	-0.47755
0.357627	-0.445372
0.379033	-0.412887
0.398491	-0.380179
0.416071	-0.34729
0.431854	-0.314223
0.44592	-0.28094
0.458338	-0.247367
0.469167	-0.213393
0.478162	-0.179998
0.485445	-0.147218
0.491149	-0.114967
0.495379	-0.0831597
0.498216	-0.0517102
0.499719	-0.0205382
0.499927	0.0104328
0.498864	0.0412758
0.496532	0.072061
0.492922	0.102856
0.488006	0.133727
0.481741	0.164739
0.474065	0.195955
0.464899	0.227437
0.454144	0.259243
0.441938	0.2908
0.42842	0.321757
0.41356	0.352215
0.397327	0.382235
0.379682	0.411849
0.360588	0.441068
0.34001	0.469879
0.317922	0.49825
0.294305	0.526127
0.269158	0.55344
0.242495	0.580108
0.214346	0.606038
0.184756	0.631135
0.153783	0.655305
0.12149	0.678463
0.0879407	0.700531
0.0531986	0.721442
0.0173207	0.741137
-0.0196425	0.759567
-0.0576475	0.776687
-0.0966572	0.792455
-0.13664	0.806831
-0.177569	0.819773
-0.219419	0.831237
-0.262168	0.841176
-0.305793	0.849537
-0.350271	0.856263
-0.395576	0.86129
-0.44168	0.864551
-0.48855	0.865968
-0.536148	0.865459
-0.58443	0.862933
-0.633344	0.858291
-0.682829	0.851428
-0.732815	0.842228
-0.783217	0.830566
-0.83394	0.81631
-0.884869	0.799316
-0.935872	0.77943
-0.986796	0.756486
-1.03746	0.730309
-1.08766	0.700707
-1.13715	0.66748
-1.18564	0.630412
-1.23281	0.58927
-1.27717	0.544981
-1.31846	0.497584
-1.35645	0.44707
-1.39086	0.393416
-1.42139	0.336573
-1.44768	0.276455
-1.46931	0.21291
-1.48575	0.145664
-1.49632	0.0742171
-1.5	-0.00244632
-1.49497	-0.0867724
-1.47938	-0.174956
-1.4525	-0.263726
-1.42254	-0.334194
-1.38538	-0.402589
-1.34383	-0.464716
-1.29846	-0.521384
-1.24955	-0.573264
-1.19734	-0.620719
-1.14205	-0.663951
-1.08526	-0.702212
-1.02783	-0.73556
-0.97009	-0.76437
-0.912319	-0.788984
-0.854734	-0.809706
-0.79752	-0.826808
-0.740827	-0.840537
-0.684783	-0.851112
-0.629489	-0.858734
-0.575033	-0.863584
-0.521483	-0.865826
-0.468895	-0.865607
-0.417315	-0.86306
-0.36678	-0.858306
-0.317318	-0.851452
-0.268952	-0.842593
-0.221703	-0.831813
-0.175586	-0.819187
-0.130616	-0.804777
-0.0868093	-0.788641
-0.0441852	-0.770827
-0.00276702	-0.751379
0.0374138	-0.730336
0.0763154	-0.70774
0.113882	-0.683639
0.150043	-0.658091
0.184707	-0.631175
0.217772	-0.602994
0.249123	-0.573682
0.278648	-0.543397
0.30625	-0.512319
0.331863	-0.480628
0.355461	-0.448486
0.377057	-0.416026
0.3967	-0.383337
0.414457	-0.350465
0.43041	-0.317416
0.444638	-0.284156
0.457212	-0.250616
0.468192	-0.216687
0.477362	-0.18323
0.484806	-0.150393
0.490659	-0.118094
0.495029	-0.0862473
0.497998	-0.0547664
0.499629	-0.0235708
0.499963	0.00741655
0.499023	0.038269
0.496816	0.0690567
0.493331	0.0998478
0.488544	0.130709
0.482413	0.161704
0.474878	0.192897
0.465862	0.224351
0.455267	0.256123
0.443187	0.287746
0.429799	0.318756
0.415072	0.34926
0.398974	0.37932
0.381469	0.408974
0.362518	0.438231
0.342087	0.467084
0.320147	0.495499
0.29668	0.523427
0.271682	0.550799
0.245166	0.577534
0.21716	0.60354
0.187709	0.628723
0.156868	0.652988
0.124701	0.676248
0.0912716	0.698425
0.0566434	0.719452
0.0208741	0.739268
-0.0159851	0.757824
-0.0538901	0.775074
-0.0928031	0.790976
-0.132692	0.80549
-0.17353	0.818573
-0.215291	0.830184
-0.257953	0.840274
-0.301494	0.848791
-0.345889	0.855679
-0.391115	0.860876
-0.437142	0.864313
-0.483938	0.865913
-0.531467	0.865596
-0.579684	0.863271
-0.628539	0.858841
-0.677972	0.8522
-0.727912	0.843233
-0.778278	0.831818
-0.828974	0.817821
-0.879888	0.801101
-0.930891	0.781505
-0.98183	0.758867
-1.03253	0.733014
-1.08278	0.703755
-1.13235	0.670892
-1.18096	0.634208
-1.22827	0.593475
-1.27293	0.549489
-1.31453	0.502399
-1.35285	0.452193
-1.38763	0.39885
-1.41856	0.342325
-1.44529	0.282536
-1.4674	0.219339
-1.48438	0.152476
-1.49556	0.081476
-1.49998	0.00539919
-1.49594	-0.0779693
-1.48141	-0.16622
-1.45574	-0.2548
-1.42636	-0.326172
-1.38966	-0.395446
-1.34854	-0.458243
-1.30357	-0.515466
-1.25503	-0.567844
-1.20316	-0.615769
-1.1482	-0.659453
-1.09151	-0.698272
-1.03413	-0.73214
-0.976413	-0.761429
-0.918634	-0.786486
-0.861019	-0.80762
-0.803756	-0.825106
-0.747	-0.839192
-0.690879	-0.850103
-0.635499	-0.858039
-0.580948	-0.863184
-0.527295	-0.865703
-0.4746	-0.865746
-0.422908	-0.863448
-0.372257	-0.858931
-0.322676	-0.852301
-0.27419	-0.843657
-0.226817	-0.833084
-0.180575	-0.820656
-0.135479	-0.806439
-0.0915447	-0.790489
-0.0487902	-0.772857
-0.00723868	-0.753585
0.0330794	-0.732714
0.0721234	-0.710286
0.109839	-0.686347
0.146158	-0.660954
0.180991	-0.634183
0.214236	-0.606135
0.24578	-0.576939
0.27551	-0.546753
0.303326	-0.515752
0.329159	-0.48412
0.352977	-0.45202
0.374791	-0.41959
0.394644	-0.386923
0.412604	-0.35407
0.42875	-0.321041
0.443163	-0.287807
0.455915	-0.254302
0.467067	-0.220422
0.476436	-0.186894
0.484064	-0.153992
0.490087	-0.121639
0.494616	-0.0897459
0.497737	-0.0582286
0.499514	-0.0270054
0.499989	0.00400135
0.499189	0.0348652
0.497122	0.0656567
0.49378	0.0964441
0.489138	0.127294
0.483158	0.158271
0.475782	0.18944
0.466933	0.220861
0.456518	0.252595
0.444582	0.284296
0.431339	0.315366
0.416761	0.345922
0.400816	0.376029
0.383467	0.405726
0.364678	0.435028
0.344411	0.463926
0.322638	0.492392
0.29934	0.520376
0.274511	0.547814
0.24816	0.574623
0.220317	0.600714
0.191022	0.625992
0.160332	0.650362
0.128307	0.673737
0.095014	0.696038
0.0605149	0.717194
0.0248687	0.737146
-0.0118728	0.755843
-0.0496645	0.773239
-0.0884681	0.789291
-0.128251	0.80396
-0.168985	0.817204
-0.210646	0.828978
-0.25321	0.839238
-0.296655	0.847931
-0.340958	0.855002
-0.386093	0.860389
-0.432033	0.864022
-0.478747	0.865829
-0.526197	0.865728
-0.574341	0.863629
-0.623128	0.859435
-0.6725	0.853043
-0.722388	0.844338
-0.772712	0.833199
-0.823376	0.819494
-0.874273	0.803081
-0.925272	0.783809
-0.976227	0.761515
-1.02696	0.736025
-1.07728	0.707151
-1.12694	0.674695
-1.17566	0.638444
-1.22314	0.598168
-1.26812	0.554522
-1.31007	0.507778
-1.34877	0.457919
-1.38396	0.404925
-1.41533	0.348757
-1.44254	0.289336
-1.46518	0.226526
-1.48277	0.160088
-1.49464	0.0895815
-1.49987	0.0141411
-1.49689	-0.0682211
-1.48352	-0.156563
-1.45916	-0.244971
-1.43043	-0.317381
-1.39422	-0.387657
-1.35356	-0.4512
-1.30902	-0.50903
-1.26089	-0.561951
-1.2094	-0.610383
-1.15478	-0.654556
-1.09821	-0.693979
-1.04089	-0.728409
-0.983195	-0.758217
-0.925411	-0.783754
-0.867766	-0.805333
-0.810453	-0.823234
-0.753631	-0.837708
-0.697429	-0.84898
-0.641958	-0.857255
-0.587305	-0.862719
-0.533544	-0.865538
-0.480733	-0.865865
-0.428921	-0.863835
-0.378146	-0.859572
-0.328439	-0.853186
-0.279823	-0.844773
-0.232319	-0.834422
-0.185944	-0.822208
-0.140712	-0.808198
-0.0966404	-0.792449
-0.0537463	-0.775012
-0.0120522	-0.75593
0.0284125	-0.735245
0.0676085	-0.712998
0.105484	-0.689233
0.14197	-0.664008
0.176983	-0.637394
0.21042	-0.609489
0.24217	-0.58042
0.272118	-0.550341
0.300163	-0.519427
0.326231	-0.487859
0.350286	-0.455807
0.372333	-0.42341
0.392413	-0.390767
0.410592	-0.357935
0.426947	-0.324927
0.441559	-0.29172
0.454503	-0.258251
0.46584	-0.224422
0.475424	-0.190817
0.48325	-0.157845
0.489456	-0.125431
0.494156	-0.0934888
0.49744	-0.0619316
0.499372	-0.0306777
0.5	0.000350663
0.49935	0.0312276
0.497432	0.0620241
0.494241	0.0928085
0.489755	0.123648
0.483935	0.154606
0.476727	0.185749
0.468057	0.217138
0.457833	0.248832
0.446048	0.280616
0.43296	0.311752
0.41854	0.342364
0.402757	0.372522
0.385575	0.402266
0.366956	0.431614
0.346864	0.46056
0.325269	0.489079
0.30215	0.517123
0.2775	0.544628
0.251327	0.571516
0.223657	0.597696
0.19453	0.623074
0.164	0.647555
0.132128	0.671051
0.0989803	0.693481
0.0646195	0.714775
0.0291049	0.734871
-0.00751064	0.753718
-0.0451813	0.771268
-0.0838681	0.78748
-0.123538	0.802313
-0.164162	0.815726
-0.205715	0.827676
-0.248175	0.838115
-0.291518	0.846995
-0.335721	0.854259
-0.38076	0.859846
-0.426607	0.86369
-0.473232	0.865715
-0.520598	0.865841
-0.568663	0.863981
-0.617377	0.860039
-0.666684	0.85391
-0.716516	0.845482
-0.766793	0.834635
-0.817423	0.821238
-0.868298	0.80515
-0.919293	0.786222
-0.970261	0.764291
-1.02103	0.739184
-1.07141	0.710718
-1.12116	0.678692
-1.17001	0.642897
-1.21765	0.603106
-1.26298	0.559821
-1.3053	0.513443
-1.34439	0.463951
-1.38001	0.411328
-1.41184	0.355536
-1.43956	0.296504
-1.46277	0.234103
-1.48098	0.16811
-1.49356	0.0981158
-1.49964	0.0233263
-1.49775	-0.0580391
-1.48559	-0.146497
-1.46256	-0.234763
-1.43448	-0.308309
-1.39878	-0.379669
-1.35858	-0.443994
-1.31449	-0.502451
-1.26677	-0.555926
-1.21566	-0.604875
-1.16141	-0.649544
-1.10495	-0.689583
-1.0477	-0.724585
-0.990029	-0.75492
-0.932243	-0.780945
-0.874571	-0.802978
-0.81721	-0.8213
-0.760322	-0.836167
-0.704041	-0.847807
-0.648478	-0.856426
-0.593724	-0.862214
-0.539854	-0.865338
-0.486929	-0.865952
-0.434997	-0.864194
-0.384097	-0.860189
-0.334262	-0.854048
-0.285516	-0.845871
-0.237879	-0.835745
-0.19137	-0.823748
-0.146002	-0.809947
-0.101792	-0.794401
-0.058758	-0.777161
-0.0169206	-0.758272
0.0236913	-0.737774
0.0630399	-0.715709
0.101074	-0.692122
0.137729	-0.667065
0.172921	-0.640611
0.206551	-0.612854
0.238506	-0.583915
0.268673	-0.553946
0.296948	-0.523121
0.323252	-0.491622
0.347546	-0.459619
0.369829	-0.427256
0.390139	-0.394639
0.408538	-0.361827
0.425104	-0.328841
0.439919	-0.29566
0.453056	-0.262227
0.464581	-0.228447
0.474383	-0.194764
0.48241	-0.16172
0.488801	-0.129244
0.493675	-0.0972506
0.497122	-0.0656521
0.499212	-0.0343664
0.499993	-0.00331527
0.499493	0.0275759
0.497725	0.0583782
0.494686	0.0891606
0.490355	0.11999
0.484696	0.150931
0.477656	0.182049
0.469163	0.213405
0.459128	0.24506
0.447495	0.276929
0.434561	0.308133
0.420299	0.338803
0.404677	0.369011
0.387661	0.398802
0.369213	0.428196
0.349295	0.45719
0.327878	0.485761
0.304938	0.513864
0.280467	0.541436
0.254472	0.5684
0.226975	0.594668
0.198016	0.620145
0.167647	0.644736
0.135929	0.668352
0.102928	0.690911
0.0687058	0.712341
0.0333235	0.73258
-0.00316554	0.751576
-0.0407147	0.76928
-0.0792843	0.785651
-0.11884	0.800648
-0.159354	0.81423
-0.2008	0.826353
-0.243154	0.836972
-0.286395	0.846037
-0.330498	0.853494
-0.375441	0.859281
-0.421195	0.863332
-0.46773	0.865574
-0.515011	0.865927
-0.562997	0.864305
-0.611638	0.860611
-0.660879	0.854744
-0.710653	0.846592
-0.760882	0.836035
-0.811476	0.822944
-0.862329	0.807179
-0.913317	0.788591
-0.964297	0.767021
-1.0151	0.742296
-1.06553	0.714233
-1.11537	0.682635
-1.16434	0.647293
-1.21214	0.607982
-1.25781	0.565057
-1.30049	0.519044
-1.33998	0.469918
-1.37602	0.417664
-1.40831	0.362247
-1.43654	0.3036
-1.4603	0.241603
-1.47912	0.176048
-1.4924	0.106554
-1.4993	0.0323902
-1.49846	-0.0480446
-1.48748	-0.136639
-1.46572	-0.224798
-1.43829	-0.299522
-1.40305	-0.371989
-1.36329	-0.437088
-1.31962	-0.496151
-1.27229	-0.550157
-1.22156	-0.599599
-1.16764	-0.64474
-1.11131	-0.685366
-1.05412	-0.720913
-0.996482	-0.751751
-0.938696	-0.778242
-0.881001	-0.800705
-0.823597	-0.819429
-0.766649	-0.83467
-0.710294	-0.84666
-0.654647	-0.855607
-0.599798	-0.861702
-0.545826	-0.865116
-0.492793	-0.866003
-0.440748	-0.864504
-0.389731	-0.860745
-0.339776	-0.854837
-0.290907	-0.846883
-0.243145	-0.836971
-0.196509	-0.825179
-0.151013	-0.811577
-0.106673	-0.796223
-0.0635065	-0.77917
-0.0215341	-0.760462
0.0192164	-0.740143
0.0587083	-0.718251
0.0968927	-0.694831
0.133705	-0.669935
0.169066	-0.643633
0.202875	-0.616016
0.235023	-0.587202
0.265395	-0.55734
0.293886	-0.526602
0.320413	-0.495169
0.344932	-0.463214
0.367439	-0.430886
0.387966	-0.398293
0.406575	-0.365501
0.423342	-0.332535
0.438348	-0.299378
0.45167	-0.265977
0.463372	-0.232241
0.473382	-0.198484
0.481599	-0.165371
0.488166	-0.132837
0.493204	-0.100794
0.496807	-0.0691555
0.499045	-0.0378389
0.499969	-0.00676543
0.499611	0.0241399
0.497985	0.0549488
0.495088	0.08573
0.490902	0.116551
0.485394	0.147476
0.478511	0.178571
0.470184	0.209898
0.460326	0.241517
0.448835	0.273467
0.436045	0.304736
0.42193	0.33546
0.406459	0.365716
0.389598	0.395552
0.371308	0.424989
0.351554	0.454028
0.330302	0.482647
0.30753	0.510804
0.283227	0.538438
0.257398	0.565474
0.230065	0.591822
0.201264	0.617391
0.171047	0.642084
0.139474	0.665811
0.10661	0.688489
0.0725192	0.710046
0.0372615	0.730419
0.000891504	0.749553
-0.0365434	0.767402
-0.0750028	0.783921
-0.114452	0.799071
-0.154862	0.812809
-0.196207	0.825095
-0.238462	0.835882
-0.281607	0.84512
-0.325617	0.852756
-0.370468	0.858729
-0.416135	0.862974
-0.462586	0.865419
-0.509787	0.865984
-0.557698	0.864582
-0.60627	0.861121
-0.655448	0.855498
-0.705167	0.847602
-0.75535	0.837315
-0.805909	0.824508
-0.856739	0.809044
-0.907719	0.790774
-0.958707	0.769539
-1.00954	0.745169
-1.06002	0.717481
-1.10994	0.686282
-1.15902	0.651361
-1.20696	0.612497
-1.25295	0.569909
-1.29597	0.524236
-1.33582	0.475452
-1.37225	0.423542
-1.40497	0.368474
-1.43366	0.310185
-1.45793	0.248564
-1.47732	0.183413
-1.49124	0.114377
-1.49889	0.0407797
-1.49899	-0.0388351
-1.48909	-0.127574
-1.4685	-0.215664
-1.44163	-0.291539
-1.40681	-0.365072
-1.36744	-0.430889
-1.32414	-0.490501
-1.27717	-0.544984
-1.22676	-0.594867
-1.17315	-0.640428
-1.11693	-0.681578
-1.0598	-0.717613
-1.00219	-0.7489
-0.944412	-0.775806
-0.886698	-0.798655
-0.829257	-0.817737
-0.772258	-0.833311
-0.715839	-0.845613
-0.660117	-0.854852
-0.605186	-0.861222
-0.551124	-0.864893
-0.497995	-0.866024
-0.44585	-0.864755
-0.39473	-0.861214
-0.344669	-0.855514
-0.295691	-0.847758
-0.24782	-0.838036
-0.201071	-0.826427
-0.155462	-0.813001
-0.111007	-0.797818
-0.0677234	-0.780931
-0.0256318	-0.762385
0.015241	-0.742223
0.0548594	-0.720485
0.0931757	-0.697214
0.130127	-0.672462
